100 100
34 158 33 35 18 68 89 4 169 149 193 103 27 29 195 93 154 178 188 164 124 71 77 184 59 133 30 152 57 131 53 158 10 68 113 152 176 42 27 113 192 187 116 171 56 33 7 197 103 99 169 37 57 174 88 127 60 128 164 138 152 62 133 199 55 77 121 119 27 9 104 49 183 119 71 31 42 153 92 87 37 71 64 131 99 184 125 55 134 190 76 53 107 26 161 97 151 164 53 61
82 14 107 141 23 170 148 89 34 18 191 156 23 25 61 149 162 4 55 39 115 166 7 187 171 145 153 177 148 132 150 110 137 90 14 177 18 64 160 117 178 138 155 20 20 172 146 109 88 190 186 42 147 121 185 67 51 167 184 197 111 19 140 20 23 134 70 26 103 116 74 33 70 196 160 65 38 122 80 102 36 108 16 44 139 43 178 0 63 178 79 129 144 185 10 83 25 167 63 61
83 87 141 24 119 154 62 104 49 137 186 188 97 15 30 175 11 89 44 99 1 165 19 141 83 2 7 200 74 6 169 113 48 54 16 141 114 2 123 23 104 79 180 0 29 174 69 23 120 169 43 162 4 69 62 17 107 11 4 48 40 78 175 96 78 124 158 199 188 187 164 130 175 11 21 98 189 60 107 139 76 157 93 34 112 29 123 174 82 192 133 28 42 137 13 171 22 99 189 148
49 113 185 71 73 70 162 44 191 98 14 61 110 160 91 181 181 130 169 99 13 135 52 62 45 149 158 127 0 185 155 149 155 150 11 136 183 168 82 131 128 174 52 147 147 35 83 33 176 49 128 25 189 7 160 77 133 62 33 198 31 40 14 19 131 168 130 182 144 100 145 169 161 133 101 161 42 128 158 68 110 151 54 140 9 90 106 47 97 8 99 182 195 188 200 147 53 21 68 70
18 125 112 21 52 75 41 164 16 7 80 119 185 117 178 63 51 91 38 116 2 187 183 181 77 114 178 121 175 121 177 4 23 58 57 38 12 99 89 67 10 75 127 196 161 55 77 131 18 43 197 193 104 11 127 60 36 54 131 111 114 137 182 45 173 185 79 4 130 35 125 13 101 68 75 18 69 166 104 64 22 71 50 93 33 63 101 200 74 90 1 162 29 116 121 200 151 111 15 135
70 3 9 114 173 162 189 164 159 134 127 123 148 144 72 185 129 184 24 65 97 38 99 2 75 173 172 76 200 78 163 10 74 200 181 129 9 43 40 72 117 151 51 54 22 65 183 5 114 50 163 139 181 143 198 124 122 133 70 3 43 178 23 32 108 41 52 141 29 9 31 40 193 121 66 20 172 124 188 111 99 88 147 189 34 86 86 84 54 169 91 137 16 16 26 57 66 29 93 9
32 15 194 148 147 90 66 107 9 190 189 9 169 74 80 26 142 26 4 65 171 52 193 5 14 161 75 95 143 112 81 187 196 164 173 181 9 127 127 37 118 159 177 10 59 50 50 152 177 66 48 91 155 114 111 20 115 168 34 115 99 151 121 193 187 137 48 47 183 119 106 30 148 33 174 181 59 20 96 80 30 117 55 168 23 156 2 76 164 93 175 91 16 81 17 136 20 35 199 102
40 165 7 139 70 55 93 37 82 190 116 114 65 193 112 12 19 68 138 172 90 57 144 39 150 11 60 44 0 183 200 83 135 43 42 181 187 92 38 104 2 6 182 186 47 75 158 134 96 18 176 26 152 28 68 80 188 113 75 36 151 195 5 1 155 7 21 168 21 152 179 0 154 47 196 14 5 149 173 113 135 130 6 107 117 83 136 57 24 80 154 85 200 91 6 99 159 20 166 135
46 13 190 45 17 128 11 86 121 199 125 0 127 72 3 28 127 127 38 54 164 39 130 11 130 25 21 119 135 20 0 20 68 162 96 185 20 59 121 154 47 18 65 28 66 28 37 165 88 19 57 177 151 155 192 119 46 126 46 164 88 31 104 198 153 82 124 199 0 45 97 40 135 175 55 147 114 64 190 173 1 137 141 25 64 179 70 67 187 189 103 6 70 174 186 89 109 86 82 154
45 39 32 21 115 182 26 61 93 4 51 161 121 114 143 49 67 101 81 79 20 66 49 75 74 107 80 120 78 130 25 155 193 140 123 25 119 64 1 123 110 140 3 79 84 142 109 46 176 165 42 90 28 91 174 120 91 54 165 85 141 102 91 12 22 103 66 164 86 63 172 180 191 166 139 126 15 9 161 174 65 181 131 150 29 153 23 0 147 72 118 186 133 179 144 84 21 48 195 134
60 73 74 107 68 111 6 52 171 160 32 40 81 186 76 103 86 129 143 193 67 138 131 1 64 20 67 165 49 123 193 176 127 81 124 73 2 100 162 186 141 142 1 68 59 181 80 169 92 112 145 198 80 41 196 155 46 194 79 129 135 153 38 77 117 57 176 156 87 134 106 39 14 12 17 15 150 105 179 66 13 82 136 106 117 147 18 22 174 159 200 20 51 3 143 170 107 177 78 157
158 144 18 49 112 89 0 150 11 108 77 191 113 156 38 8 144 64 174 160 87 143 52 50 99 192 118 110 176 188 74 159 43 112 157 111 1 184 172 83 143 115 157 89 53 40 137 27 25 127 68 143 12 113 12 132 117 75 90 101 60 155 148 21 160 199 96 20 188 135 116 154 135 87 37 89 20 146 127 35 114 34 187 173 16 91 95 126 128 161 151 71 68 166 1 178 31 10 11 62
37 17 47 22 102 111 45 70 191 49 180 104 151 108 142 123 18 85 119 131 59 76 13 73 0 80 54 116 31 126 139 42 113 41 20 175 91 186 62 149 172 65 130 186 62 93 194 60 31 151 140 11 174 116 67 156 193 21 19 16 46 131 160 199 91 20 128 158 44 85 200 96 125 181 22 123 182 109 5 186 125 27 25 80 98 18 56 181 14 44 39 50 90 159 11 70 115 161 111 165
177 180 137 15 27 193 90 158 161 156 164 69 59 45 27 86 161 141 16 84 64 62 130 115 189 130 161 108 56 158 11 160 11 67 26 102 173 129 73 112 102 153 77 17 143 132 88 175 8 125 19 34 39 107 178 149 78 97 113 158 34 66 146 127 48 144 9 161 140 56 1 1 25 146 55 145 134 108 35 23 79 92 19 21 188 66 182 34 8 163 114 5 34 60 17 96 81 34 145 94
70 90 35 158 64 199 101 125 44 85 88 185 91 56 38 28 74 92 58 187 87 119 65 7 157 75 42 39 93 171 159 131 52 11 131 12 129 114 145 188 176 146 179 6 111 94 40 124 123 95 131 42 29 51 80 7 151 192 143 140 158 49 148 157 169 37 197 187 174 180 27 92 7 91 77 169 39 100 164 99 172 154 43 99 152 16 196 113 69 121 188 101 88 35 86 149 5 50 79 113
93 26 184 171 94 47 192 163 158 81 139 102 121 90 198 143 27 59 188 92 159 58 38 161 142 104 1 47 157 187 27 194 143 179 149 115 145 189 27 103 9 179 194 48 90 117 114 39 7 31 61 44 11 38 91 176 94 12 16 55 2 187 9 85 61 109 24 118 57 49 87 132 93 5 43 152 74 122 2 181 86 125 52 195 172 86 75 79 166 0 20 12 99 71 71 56 187 11 81 110
95 33 168 163 199 133 101 158 3 16 138 121 154 41 77 175 110 153 142 2 116 97 177 34 182 64 150 59 118 46 52 133 94 91 16 114 83 134 89 138 122 119 36 178 19 63 46 137 124 186 100 92 196 87 111 142 98 34 181 119 105 63 175 36 120 44 143 134 7 84 132 109 41 87 39 26 64 72 134 122 98 164 182 25 126 80 33 111 40 38 123 128 17 116 148 99 97 49 54 92
42 182 126 105 95 60 100 6 186 60 105 167 159 184 131 123 127 191 157 38 58 145 174 32 122 52 144 73 2 117 80 149 81 84 196 61 27 2 64 41 127 90 2 192 42 189 120 15 31 91 58 48 95 115 150 29 84 27 88 165 163 158 37 135 118 121 188 200 86 100 126 70 193 94 42 177 96 187 181 140 30 61 188 101 117 29 92 159 150 52 126 136 35 65 131 25 118 149 178 40
63 42 95 118 71 164 63 6 53 94 61 145 119 184 192 64 13 18 195 122 114 121 176 167 40 24 84 37 117 52 179 66 64 46 65 164 176 105 116 42 137 163 142 160 20 58 167 162 23 195 131 158 122 132 188 172 93 157 42 200 71 50 39 10 156 177 98 98 138 119 42 142 179 67 82 69 59 43 0 86 93 76 107 23 186 24 127 193 103 77 198 14 10 34 117 6 66 100 47 135
34 5 105 90 61 19 176 36 40 185 98 159 98 14 75 141 86 28 46 5 118 78 128 12 96 138 89 23 158 80 34 127 104 15 110 181 78 67 168 1 149 85 124 166 0 121 104 69 198 35 168 51 134 191 113 62 197 49 39 173 159 34 72 148 82 152 46 7 166 138 19 156 162 195 108 112 158 15 34 137 40 137 78 34 150 118 83 139 34 91 66 123 96 7 65 79 55 3 143 78
77 174 31 19 73 116 11 139 117 118 14 111 162 42 22 47 103 175 101 104 143 165 147 64 136 30 176 163 56 141 171 128 95 57 146 73 93 78 120 117 80 34 191 146 104 64 85 98 84 150 105 110 115 118 82 167 166 7 133 58 76 21 28 68 37 158 187 144 74 149 91 40 174 0 23 1 162 193 103 25 109 113 107 173 166 112 30 24 22 63 17 195 1 52 167 188 164 107 1 70
73 182 113 115 56 174 134 0 198 131 135 21 57 87 98 192 40 105 139 17 111 28 129 62 103 150 49 130 142 24 5 67 79 105 15 200 13 173 30 11 144 123 179 108 55 24 134 174 128 37 57 136 168 80 77 44 62 20 154 28 134 129 62 72 101 95 126 2 31 59 1 185 88 181 61 163 7 195 1 168 40 49 10 160 16 36 8 103 150 17 190 52 80 95 175 98 67 164 78 135
122 42 150 63 58 60 90 191 90 72 177 12 159 123 186 51 148 165 53 36 106 33 172 87 92 165 32 14 82 197 63 61 102 125 34 82 100 8 152 184 6 144 44 173 180 184 97 183 30 161 125 153 151 175 83 159 35 131 106 153 45 5 8 60 55 33 20 200 150 141 128 91 153 49 194 116 23 82 186 36 127 51 66 62 92 167 84 129 123 7 195 22 50 178 11 12 173 157 124 125
10 143 113 38 113 162 146 86 116 140 181 63 53 124 52 34 36 77 176 192 131 195 55 100 83 161 126 182 157 60 199 52 187 116 67 122 156 131 190 194 147 187 31 67 115 132 93 65 53 30 68 80 88 90 114 135 101 40 99 162 30 43 61 86 8 191 109 132 190 93 181 58 56 27 63 93 104 60 10 184 44 128 80 120 138 113 192 167 52 35 35 136 3 115 12 99 36 159 55 14
72 147 97 191 60 137 101 7 78 161 16 200 68 53 122 33 94 90 72 136 33 125 155 192 94 63 153 190 88 170 97 146 95 1 59 180 145 61 74 66 91 176 192 123 92 71 84 112 142 21 82 169 118 186 91 40 65 194 1 166 87 67 145 101 24 5 32 19 12 156 180 140 44 104 103 13 122 199 6 117 14 157 103 64 172 70 55 39 94 77 72 178 20 55 136 76 123 165 76 196
153 54 66 112 58 5 104 96 118 178 102 57 11 184 46 28 95 154 43 131 73 40 179 96 116 150 185 182 145 85 179 157 30 15 111 103 147 17 34 82 27 91 18 160 186 150 44 72 172 134 52 118 20 94 7 37 137 108 81 150 139 65 47 44 31 46 66 139 143 98 61 90 194 88 174 44 172 160 162 77 117 149 60 200 15 20 88 104 140 78 34 17 6 184 51 174 31 62 41 89
146 137 198 190 93 199 127 129 109 190 53 77 21 15 149 127 132 54 81 96 185 99 76 128 182 53 87 136 10 142 122 139 85 161 9 101 35 118 95 147 186 48 189 46 182 199 187 81 23 110 87 113 154 138 176 76 33 171 177 85 130 83 54 112 56 123 184 173 77 133 125 8 43 113 184 74 160 133 68 195 52 170 160 195 49 198 41 131 98 159 131 116 92 9 37 1 198 151 27 176
182 34 76 120 161 181 29 28 118 72 26 119 89 77 76 180 33 136 152 20 63 0 149 46 58 79 2 142 72 69 73 165 119 193 112 157 183 42 36 28 170 166 96 66 8 146 74 25 49 23 145 106 66 185 85 21 24 134 27 27 194 2 39 16 194 152 10 142 163 129 44 14 115 51 139 177 179 92 76 54 114 130 88 78 9 79 40 157 142 44 37 44 2 63 197 37 37 187 35 5
71 90 110 42 184 50 73 167 86 40 59 150 187 132 83 11 19 157 72 155 0 174 90 97 46 194 138 27 63 192 169 116 121 19 139 171 171 44 151 143 14 90 64 150 49 200 171 163 86 114 14 28 117 160 140 105 21 192 178 56 35 28 85 45 119 63 98 4 182 65 175 33 127 172 108 75 130 144 182 70 134 125 197 76 23 167 192 44 194 194 33 195 71 12 87 123 181 155 130 12
168 198 20 173 28 157 103 115 168 146 49 123 62 155 81 64 152 188 123 195 25 44 145 43 22 187 80 77 125 164 36 167 158 73 63 175 179 73 164 112 143 79 117 110 105 192 106 160 95 72 142 13 188 20 64 147 14 198 156 182 50 163 144 118 143 123 94 20 62 175 60 162 122 100 98 34 146 7 73 38 89 3 155 75 1 52 40 143 35 94 198 94 132 197 155 44 171 107 6 62
104 29 148 88 183 39 29 86 92 35 115 182 122 18 99 98 66 84 155 119 132 141 65 63 16 169 144 99 93 4 126 56 79 109 158 28 188 34 74 84 0 101 115 49 142 70 173 198 88 94 64 148 63 143 186 80 168 200 51 158 94 178 156 52 93 35 103 63 150 151 134 178 22 25 86 80 72 36 123 53 198 152 163 90 34 125 133 120 35 113 79 3 0 67 172 108 54 94 137 135
180 127 98 134 154 109 193 185 47 188 111 151 85 95 106 102 138 197 132 55 75 3 108 48 113 144 134 60 29 108 35 199 134 176 19 71 60 71 40 102 84 140 14 171 114 83 124 2 72 76 67 64 53 68 21 144 93 63 10 68 170 134 76 88 118 26 144 186 63 136 31 87 137 133 141 39 58 145 192 193 200 162 40 93 90 89 104 191 86 177 84 14 149 104 103 160 111 48 30 117
161 77 162 33 79 126 31 190 67 171 129 162 175 55 94 184 1 177 79 4 112 5 46 191 154 23 86 143 46 196 68 176 134 54 7 117 87 26 116 177 32 155 199 28 77 151 184 198 46 0 53 8 38 181 156 105 34 24 63 36 40 74 190 111 163 16 149 105 34 137 6 56 103 200 144 152 9 47 62 95 74 166 85 64 111 47 95 141 144 41 44 109 183 33 117 102 28 62 131 199
49 166 106 70 10 182 198 141 186 200 63 153 2 153 34 52 24 88 148 11 36 38 116 166 1 8 23 33 114 163 58 78 184 25 192 71 18 14 167 121 113 90 189 105 180 29 96 188 162 122 77 59 57 40 51 56 83 153 126 182 7 66 88 134 78 29 193 193 160 86 93 38 167 64 32 42 147 195 162 108 98 200 40 98 21 139 144 66 139 79 172 62 171 182 74 58 14 50 195 26
53 170 22 90 133 37 2 118 135 171 93 116 53 115 161 21 137 12 112 113 117 13 51 61 117 82 175 48 143 11 142 38 22 1 93 86 130 165 28 25 196 138 15 156 130 142 162 78 116 8 185 103 9 81 105 92 8 64 153 159 134 47 58 105 109 173 55 113 141 15 82 198 158 191 71 16 99 55 105 43 120 126 60 117 85 158 38 18 137 147 184 102 103 179 37 12 73 81 70 131
15 117 144 17 86 48 36 141 81 104 104 145 116 176 5 94 191 77 152 130 16 125 56 96 198 177 158 27 33 55 51 200 3 81 87 13 141 151 34 151 161 171 187 162 100 121 77 24 97 128 189 181 113 180 193 57 172 12 192 177 125 52 142 155 11 11 113 156 104 187 99 41 60 38 54 128 126 31 178 92 51 16 145 125 33 32 41 32 107 121 86 129 153 2 57 139 17 137 117 66
130 152 178 20 14 63 93 92 25 152 19 111 16 3 26 63 11 15 24 38 193 17 32 21 199 133 83 121 59 16 119 35 79 88 61 77 56 1 16 164 185 120 127 38 51 102 78 93 30 128 71 107 177 134 182 174 128 94 168 116 24 125 126 18 83 23 31 170 132 75 41 7 100 65 25 27 112 33 75 173 95 196 29 97 88 197 151 162 84 184 200 44 77 42 184 37 135 56 121 141
4 178 111 18 126 104 93 23 156 161 143 83 40 112 105 63 172 70 38 114 104 40 116 136 182 38 50 115 107 62 189 30 198 102 1 65 99 130 136 116 96 45 190 58 69 174 51 87 185 89 199 51 42 151 11 53 71 12 118 122 96 133 157 129 190 101 165 19 152 71 32 166 23 44 0 21 45 87 74 161 64 140 96 64 9 143 31 154 27 178 38 134 60 167 40 49 46 39 162 158
93 85 79 84 198 196 38 70 92 165 185 16 138 161 33 97 121 37 176 52 79 158 163 6 132 144 5 0 194 143 138 7 47 122 187 6 136 93 116 185 139 66 111 142 22 61 84 36 189 18 187 175 115 78 139 110 52 164 153 162 190 85 120 140 19 193 163 0 109 26 66 145 156 163 73 89 70 61 115 65 103 115 191 62 168 41 177 3 139 75 65 104 4 59 0 51 145 33 18 75
36 165 5 17 106 162 25 48 52 70 174 90 109 146 112 90 99 12 50 195 26 117 167 24 80 187 56 122 80 177 44 169 200 145 156 145 152 73 40 20 3 81 74 54 163 69 26 78 174 14 73 7 71 123 11 53 178 105 42 87 91 139 10 31 191 171 53 92 115 159 96 19 122 148 30 4 37 151 24 61 81 92 158 103 190 11 102 153 25 21 147 144 6 55 113 68 154 25 137 144
136 42 169 135 156 157 171 170 125 55 107 120 87 93 127 66 170 30 31 67 190 137 47 196 89 48 139 48 194 2 11 116 159 66 0 32 111 20 47 37 163 28 45 43 32 65 168 96 33 20 190 49 13 75 168 27 142 164 50 123 39 87 187 184 78 141 117 63 5 4 65 42 97 29 90 27 29 193 101 30 166 138 61 189 158 139 55 178 83 45 53 73 17 64 174 157 83 106 159 190
176 114 196 49 155 33 189 121 96 184 181 174 134 3 106 96 135 95 94 158 159 194 158 103 97 200 55 35 12 156 184 130 80 141 112 185 161 85 51 147 77 121 169 55 105 200 163 176 163 39 45 34 40 99 121 7 40 61 65 125 110 54 154 46 100 182 167 155 183 184 54 167 147 46 6 109 49 105 66 59 151 93 147 124 152 70 79 89 152 55 127 187 94 140 165 4 139 15 165 72
193 170 94 199 49 53 88 139 187 66 1 54 166 189 187 134 182 53 178 91 159 58 160 2 58 28 68 79 96 59 59 27 30 96 90 72 31 108 93 30 188 177 74 58 28 165 100 192 60 105 24 126 14 65 93 53 145 88 127 46 132 108 165 132 103 40 76 96 122 12 136 99 110 27 74 23 84 4 161 8 155 68 2 116 154 174 149 9 143 22 63 93 35 129 18 159 18 28 148 49
120 80 55 26 24 86 100 163 174 91 151 11 2 68 185 191 171 197 41 190 174 105 98 112 186 38 145 15 169 58 63 160 68 63 103 18 138 99 115 124 67 39 28 87 52 110 3 116 108 194 82 133 28 168 151 81 156 45 33 165 181 90 200 36 183 155 107 125 72 179 70 197 121 78 32 141 22 39 47 23 113 164 3 62 13 185 152 173 190 38 34 144 86 164 88 159 49 142 53 48
13 99 67 55 52 160 121 35 112 192 172 99 22 29 19 185 57 38 190 127 200 164 7 169 103 24 77 129 114 92 15 46 60 179 126 103 168 90 99 162 188 189 151 100 103 176 96 189 60 174 96 44 60 10 166 56 134 56 46 95 69 73 159 84 115 160 179 83 3 138 144 1 195 69 50 157 138 58 102 46 104 194 64 173 172 132 88 79 128 29 193 197 179 134 138 197 86 15 31 75
191 16 84 19 198 151 134 175 197 37 18 41 48 98 98 145 169 37 179 23 22 73 170 14 158 56 169 91 131 129 101 57 147 63 166 149 45 38 165 153 183 135 183 105 79 47 70 190 50 107 69 30 99 147 99 76 1 163 147 130 26 46 112 21 174 48 2 121 144 29 87 133 46 68 109 28 16 115 45 80 49 167 154 92 109 141 143 163 91 11 106 71 165 177 197 167 25 161 55 88
85 46 16 168 38 94 54 147 151 44 28 79 45 180 125 166 71 144 49 58 134 129 119 168 67 136 24 88 130 196 87 65 17 37 116 196 147 160 88 110 67 180 138 159 28 66 182 200 33 142 92 71 115 144 114 139 159 12 23 151 161 150 164 142 121 159 50 151 194 81 169 37 42 5 72 78 131 187 106 167 184 49 43 142 29 0 67 193 69 32 39 81 93 129 91 102 137 19 182 0
128 107 163 3 77 61 77 139 111 65 139 167 52 20 187 95 189 88 115 77 173 100 87 5 32 139 27 71 44 144 109 185 100 63 140 116 98 40 129 173 148 98 79 140 97 102 11 101 73 197 38 174 84 23 111 45 133 179 129 149 65 99 171 27 73 14 144 112 59 163 51 142 101 150 199 96 169 148 9 68 60 197 16 177 87 159 92 178 159 4 34 20 172 35 122 120 49 187 182 32
41 142 114 54 114 122 110 109 52 117 112 52 77 1 71 171 66 5 141 13 166 102 27 118 62 83 110 113 188 42 199 57 24 188 194 83 191 195 165 35 113 57 15 77 58 140 42 54 32 178 20 155 101 192 149 161 159 119 101 38 2 54 106 24 145 90 155 24 104 134 122 34 155 91 62 26 2 197 170 27 7 49 117 84 82 171 159 116 27 63 115 120 104 9 118 65 66 192 71 20
146 151 107 89 109 163 183 122 138 91 173 193 142 118 128 181 59 105 156 89 55 100 197 156 168 49 16 176 87 61 122 191 27 94 12 34 57 181 30 84 132 32 185 4 139 127 17 197 52 172 123 145 67 104 140 161 149 26 166 33 107 28 72 169 135 197 124 46 82 158 175 166 78 93 67 41 113 33 151 95 34 118 64 108 11 196 89 0 178 79 76 198 179 50 99 102 141 153 45 21
170 3 124 93 63 125 170 172 61 8 177 113 29 185 160 187 83 55 35 14 33 109 137 41 140 58 17 171 170 182 24 165 35 149 63 65 133 105 38 0 166 94 37 67 25 163 86 71 195 108 190 14 142 64 77 178 74 169 117 117 159 178 96 68 44 129 47 13 74 30 96 123 8 142 88 10 132 127 169 134 68 154 115 80 82 173 179 170 109 70 154 70 177 81 70 123 125 121 157 162
176 168 187 161 151 117 88 89 138 166 142 122 96 19 171 40 161 164 57 96 148 113 70 99 102 179 148 185 179 69 17 70 70 83 134 47 129 51 102 10 12 0 190 195 75 178 136 70 130 136 153 145 78 140 41 163 104 18 49 0 101 42 66 88 146 125 43 142 91 16 118 70 106 138 112 34 168 46 68 87 52 135 194 36 55 164 83 185 5 159 191 12 183 120 11 35 66 98 155 72
80 101 29 134 164 14 53 80 152 77 63 165 147 52 43 182 84 104 21 135 190 45 184 81 42 125 63 49 48 119 4 157 180 108 139 54 141 28 111 24 77 106 78 174 107 48 126 16 196 191 75 141 75 111 186 30 33 67 118 14 152 45 126 20 124 91 72 32 132 193 170 89 127 158 50 15 109 4 197 47 195 52 84 188 60 127 74 129 104 99 106 164 30 67 46 80 128 122 185 139
17 171 49 0 98 31 192 173 189 107 123 4 58 58 163 95 36 169 126 173 32 143 20 119 11 182 68 172 114 56 0 163 60 12 26 167 22 12 168 55 124 1 116 193 143 36 139 132 37 165 25 142 192 21 198 55 60 85 195 63 177 146 193 59 197 64 164 32 6 144 41 157 93 183 94 169 72 135 151 170 67 113 140 59 116 197 104 161 55 155 72 107 6 97 124 89 154 36 106 59
39 129 147 190 66 91 31 80 58 88 4 156 77 142 81 136 182 128 183 197 99 181 189 39 69 192 178 38 125 57 107 198 80 151 148 138 77 17 85 185 135 81 162 35 49 102 39 82 179 6 162 139 106 196 168 153 63 6 193 47 73 177 167 16 52 76 186 62 36 84 94 20 62 64 48 110 182 108 124 191 34 52 18 169 67 121 88 191 11 77 5 63 104 78 197 121 139 140 180 121
63 117 3 32 140 171 85 196 149 162 81 106 32 73 160 101 86 119 147 125 139 17 33 132 181 124 23 171 45 55 46 105 19 46 132 34 8 164 72 142 188 123 169 100 173 39 120 47 156 160 89 61 146 79 13 163 42 81 115 68 186 6 157 200 144 112 26 89 147 11 119 110 39 35 48 140 92 66 2 5 30 111 5 10 90 11 71 79 163 160 5 166 133 89 43 83 58 9 196 115
49 54 147 102 74 189 154 70 109 166 171 77 78 176 165 59 176 193 123 198 117 106 94 4 25 5 112 80 79 105 101 164 122 174 147 184 161 49 156 200 145 50 91 124 145 24 136 66 10 76 35 21 43 65 41 182 62 53 136 116 155 109 160 99 72 116 52 15 143 77 85 22 92 150 60 116 117 146 121 166 15 90 154 196 148 47 78 15 118 117 48 168 99 157 25 104 76 18 172 49
182 197 182 185 1 198 149 46 41 105 127 26 22 170 34 179 148 60 148 168 68 132 13 46 148 192 23 161 175 157 199 83 91 27 114 52 183 163 27 88 115 58 86 196 53 17 171 53 52 124 75 8 159 104 0 35 170 51 151 170 46 58 74 55 146 163 77 47 111 178 6 10 141 79 155 41 32 164 138 14 55 178 138 18 53 58 179 157 75 110 191 137 82 164 100 89 192 181 56 186
188 2 13 182 80 5 178 178 147 98 55 35 22 71 153 25 125 38 71 75 118 151 123 169 120 89 89 113 165 90 180 10 135 14 142 17 66 30 163 32 187 8 23 120 32 68 97 107 11 111 71 129 117 40 96 161 84 133 191 183 117 42 95 126 49 65 172 165 79 106 26 158 72 194 55 68 0 190 153 95 107 151 115 163 155 150 190 36 134 70 159 92 63 64 129 157 81 164 94 34
186 50 113 127 55 50 168 143 28 15 58 87 69 146 73 144 191 144 155 128 67 24 167 40 1 16 27 125 187 78 125 187 19 56 188 59 174 63 155 175 101 124 170 39 190 103 94 195 95 109 4 187 61 23 113 113 55 36 59 129 97 48 200 90 124 32 19 106 48 4 89 96 88 137 185 34 133 132 11 90 6 10 73 150 150 136 128 64 32 24 143 21 9 156 77 8 167 183 154 194
98 173 1 113 159 110 30 180 143 159 45 114 7 111 145 69 75 142 22 175 27 197 162 147 83 114 165 0 155 148 18 26 61 9 81 125 153 61 118 169 7 96 197 4 143 141 153 77 89 59 130 64 129 128 20 46 94 1 5 70 94 110 74 146 180 24 73 66 159 83 1 159 97 119 76 144 185 79 134 131 32 168 167 19 35 199 139 127 119 58 40 27 29 114 191 124 65 132 143 46
73 53 64 121 192 60 86 1 162 167 84 135 199 131 20 28 126 146 117 182 121 109 91 122 64 160 106 38 133 108 195 124 152 141 28 39 11 67 138 132 14 196 43 25 107 124 55 159 141 92 130 111 188 41 100 15 175 26 167 114 36 20 50 77 113 193 103 34 2 19 52 68 63 172 61 112 110 118 17 91 63 179 20 79 15 117 33 162 164 79 164 37 146 199 158 142 25 145 33 169
199 35 67 160 9 51 36 117 165 138 108 126 78 21 191 100 191 181 19 29 128 180 28 182 69 41 171 63 188 141 114 129 97 148 105 125 88 103 189 166 118 64 78 108 146 35 133 86 191 159 81 177 33 189 134 27 76 109 9 90 179 116 14 130 160 103 194 172 138 49 162 108 108 122 5 73 64 143 54 168 68 103 72 84 173 89 62 115 85 98 94 98 177 170 124 133 18 179 29 129
88 18 26 25 60 146 197 66 165 20 36 133 183 183 72 43 159 87 5 117 16 9 22 198 169 9 7 156 87 22 185 184 22 187 127 67 48 155 195 197 36 159 63 187 33 194 50 188 162 132 129 189 61 62 31 143 136 109 170 115 144 142 36 21 103 32 62 28 157 108 40 79 148 32 100 25 41 20 112 12 81 43 167 148 78 123 159 154 85 169 162 129 74 160 126 185 18 154 7 88
162 67 142 129 76 69 8 85 68 64 96 19 74 16 19 166 87 94 180 142 86 114 161 197 41 173 189 2 56 48 122 79 46 39 162 93 84 183 182 120 133 89 91 69 35 79 37 4 132 170 31 173 200 55 140 94 86 54 38 33 186 176 45 128 115 22 93 189 16 195 13 172 110 19 41 146 141 180 47 25 54 56 53 5 51 129 51 87 7 91 88 189 33 139 14 94 4 65 184 68
47 60 113 89 42 189 90 29 57 18 42 95 173 69 94 151 19 174 71 157 189 159 53 178 115 77 119 182 38 1 163 89 45 24 159 96 124 113 186 105 143 148 115 99 156 14 167 160 49 108 123 120 101 152 148 89 141 141 17 158 105 183 91 43 185 165 31 13 62 70 94 48 121 83 12 28 195 44 40 98 28 144 58 19 113 200 192 90 65 182 114 156 32 94 18 114 191 186 101 103
155 62 41 191 177 190 101 127 163 200 109 134 139 35 117 94 63 22 101 189 27 47 130 106 139 86 138 36 164 200 165 66 131 84 27 39 134 163 86 72 181 37 157 65 195 117 196 175 178 12 19 69 180 26 22 83 143 35 77 14 60 171 12 164 91 72 40 66 18 4 57 98 26 1 41 97 49 131 180 19 111 18 17 80 108 94 115 131 30 46 67 159 23 18 192 156 58 74 191 121
96 40 136 19 184 102 138 93 171 134 92 146 117 149 107 98 88 141 58 65 154 192 69 49 32 106 94 34 189 95 69 44 74 45 160 184 134 154 0 77 128 24 38 39 107 14 109 186 137 127 132 103 81 196 163 127 111 124 171 132 147 189 144 37 126 162 102 123 20 180 140 111 38 69 90 97 84 5 17 19 83 24 82 0 70 167 5 15 192 174 91 48 42 8 80 50 157 62 121 8
90 179 2 56 199 141 193 128 145 174 91 88 34 82 102 54 130 43 181 91 82 85 41 115 37 71 176 152 29 85 194 119 50 193 160 56 20 141 188 191 104 52 165 77 78 32 190 27 106 99 196 88 18 83 99 162 177 66 44 19 15 125 68 34 82 0 158 65 131 169 139 43 5 68 110 184 181 195 171 86 186 145 197 53 182 98 12 174 15 17 71 190 83 181 91 68 199 62 8 100
97 80 182 85 133 49 138 26 63 122 87 2 156 200 50 85 46 70 153 144 61 172 179 62 117 34 3 58 35 11 77 57 146 114 161 47 90 67 186 25 36 7 137 55 124 51 53 138 37 113 124 25 119 1 200 185 87 44 43 75 84 36 181 87 55 112 41 194 87 70 145 26 40 70 164 155 177 32 132 80 161 88 122 122 77 198 144 83 29 126 15 154 139 81 185 155 82 37 88 83
166 135 60 15 162 19 50 18 2 14 71 126 157 142 178 141 118 25 163 155 145 131 200 185 101 59 2 25 43 25 35 0 0 137 9 1 90 137 151 81 71 21 29 96 12 25 191 88 101 156 146 113 177 160 171 49 149 33 116 190 0 127 28 157 125 134 184 46 11 112 118 113 103 108 21 30 90 153 148 137 112 5 23 72 91 130 116 45 137 182 163 11 40 63 192 174 81 14 175 79
90 154 37 151 169 113 197 94 46 138 154 169 192 185 122 172 96 162 141 146 39 69 113 21 181 179 74 82 43 163 0 16 64 1 83 45 124 37 160 3 64 19 112 73 24 64 137 81 87 171 76 174 37 135 181 129 146 24 33 137 64 128 64 133 180 9 75 145 36 110 179 28 1 198 48 189 129 115 105 38 118 196 165 125 40 129 25 147 80 39 46 112 122 138 49 51 52 14 123 12
34 109 5 188 171 36 63 30 53 31 179 189 69 33 76 166 129 89 186 155 95 157 156 162 132 92 35 85 110 92 73 150 104 82 5 143 103 163 125 10 79 47 178 126 33 101 151 194 176 62 21 181 10 101 41 137 114 50 161 183 126 28 106 144 21 180 107 70 193 71 66 34 1 72 149 92 82 16 145 48 112 6 92 10 140 6 40 8 196 60 105 176 95 156 166 92 175 73 167 69
79 133 199 47 91 71 19 183 81 149 33 98 44 77 54 42 38 122 88 38 135 54 91 102 27 193 20 161 84 33 105 137 115 155 127 150 175 123 126 60 182 193 99 174 81 41 81 24 3 46 136 98 64 161 108 199 56 147 31 49 26 28 89 44 71 34 107 145 4 163 108 182 115 56 53 142 121 48 126 65 179 47 149 47 31 21 35 7 146 44 110 62 185 191 172 38 26 43 159 61
126 159 18 191 178 76 124 1 200 30 60 124 147 128 105 94 5 75 130 62 163 134 145 181 115 36 58 82 6 109 28 112 3 25 15 89 149 172 143 182 49 180 91 5 6 79 28 58 64 144 55 45 37 8 53 156 189 9 121 197 134 141 29 0 178 140 185 12 132 34 152 100 197 65 34 109 47 23 82 147 178 173 146 9 4 184 175 3 18 196 136 157 32 86 78 5 172 180 129 141
172 56 125 118 147 47 85 35 42 181 4 159 141 65 3 155 93 65 68 94 200 144 22 143 63 5 40 138 180 35 182 181 60 13 52 85 118 69 168 160 39 118 26 170 110 177 180 144 138 194 65 114 103 16 195 7 57 148 75 76 107 134 46 127 46 61 78 144 45 144 160 43 152 97 180 182 165 83 13 152 182 146 80 3 54 140 56 54 175 157 77 22 161 164 4 160 117 51 124 46
89 1 184 147 13 109 130 71 111 153 110 180 173 95 50 187 93 175 26 74 46 143 189 141 27 150 140 50 71 172 119 116 96 90 128 13 97 189 163 16 39 141 24 106 96 31 57 29 84 186 26 130 19 51 50 181 52 198 117 125 77 125 114 118 157 172 51 64 54 83 136 126 151 22 115 188 10 148 162 117 166 39 143 13 158 73 55 48 195 19 50 146 198 110 108 137 14 22 86 117
136 4 119 24 68 149 87 75 127 163 17 3 84 152 66 138 138 105 103 0 168 1 32 148 169 8 127 143 190 69 128 117 76 30 106 167 160 161 151 156 118 129 90 145 185 172 90 17 128 9 14 167 2 162 38 182 183 150 148 53 118 124 167 7 186 123 25 144 140 188 37 42 30 182 32 25 118 104 3 37 112 42 131 51 179 5 156 125 85 154 90 108 48 119 67 194 4 70 102 173
131 4 130 113 118 55 172 17 5 142 192 85 172 12 52 197 175 17 162 61 3 110 97 129 199 175 170 12 179 50 126 50 4 19 100 187 96 156 180 119 196 51 6 39 132 65 122 8 7 5 4 85 103 24 139 55 52 86 2 59 173 30 131 96 135 104 137 112 102 35 174 163 45 137 141 174 167 167 186 189 97 52 144 107 83 65 6 66 11 126 161 121 91 24 110 136 136 101 154 113
183 134 20 163 178 187 123 188 2 195 10 149 167 111 156 167 175 63 34 36 32 190 19 143 166 195 91 170 182 4 106 135 77 39 98 173 74 99 121 2 103 94 147 143 193 193 165 58 63 30 91 37 123 165 39 26 69 114 169 16 36 13 44 154 9 155 106 47 125 117 152 62 9 84 82 97 79 5 177 175 172 91 131 98 39 81 85 149 134 58 94 198 172 101 115 194 67 178 75 121
69 193 80 112 109 121 163 186 106 5 181 78 85 65 130 154 154 182 96 99 14 144 122 125 164 164 124 159 84 198 16 38 57 110 45 95 68 114 30 86 6 140 190 14 130 84 80 104 101 194 125 108 15 126 31 66 195 5 141 38 23 159 123 98 68 186 199 15 2 170 21 129 40 18 183 186 82 44 27 22 46 152 177 48 143 164 134 74 167 113 35 118 3 58 48 190 55 155 39 20
40 43 8 14 70 134 1 106 41 99 53 51 74 164 189 43 173 2 95 31 154 16 22 13 32 173 58 153 161 96 191 14 113 121 23 194 67 166 111 40 135 183 180 5 79 178 159 199 35 138 180 61 86 29 110 59 159 60 180 188 96 187 100 152 42 19 146 169 55 29 111 67 148 127 43 114 5 154 58 66 14 157 18 123 27 66 21 45 12 126 98 129 162 71 125 93 21 23 60 125
163 116 146 174 188 11 26 17 100 27 48 34 127 30 61 162 136 100 192 69 155 74 2 113 78 66 168 175 48 22 155 167 4 77 176 36 39 5 187 138 109 91 104 58 49 128 74 199 84 123 71 105 27 196 137 158 70 87 164 152 93 21 116 139 183 94 152 91 128 46 138 71 137 85 24 198 95 97 9 102 168 70 196 25 88 193 93 161 48 104 32 81 189 37 149 126 114 2 120 86
200 117 104 86 154 169 54 168 40 101 61 12 95 11 4 165 35 153 49 82 172 200 123 90 160 141 12 174 70 27 178 170 14 49 63 171 94 96 157 173 193 101 130 14 12 44 194 29 137 95 3 64 200 94 146 180 86 74 43 177 72 110 47 174 42 1 84 65 53 188 185 166 112 8 3 79 33 194 97 103 142 0 42 175 173 129 86 62 61 1 174 25 22 85 53 137 146 185 169 68
68 156 146 196 35 20 121 170 134 84 105 197 176 128 195 64 172 198 119 121 116 92 105 198 54 124 43 134 34 15 110 174 148 21 117 152 52 133 16 118 107 131 182 42 111 8 169 174 114 64 0 67 58 135 148 29 155 181 130 180 131 65 126 40 118 173 176 88 117 74 140 183 1 147 54 138 38 153 187 141 91 66 162 111 140 83 41 185 38 74 66 1 16 177 155 45 118 75 78 129
30 3 128 35 23 40 87 23 55 115 157 53 7 128 131 40 111 138 166 112 173 113 143 118 92 44 122 14 191 68 198 46 182 157 164 6 156 145 186 40 154 131 117 7 146 2 13 54 18 19 130 179 73 154 26 59 108 19 122 40 67 35 41 102 69 63 137 174 195 24 3 3 125 135 74 168 117 176 71 197 58 70 107 8 161 115 94 192 20 61 148 3 58 126 41 156 114 82 94 151
174 84 141 155 37 114 173 15 96 104 172 179 60 136 144 162 14 87 124 110 188 182 170 127 160 116 35 53 135 147 176 121 132 77 50 127 133 21 38 76 179 129 194 163 44 151 151 124 111 198 136 79 25 164 166 134 42 173 29 75 163 56 118 32 33 43 56 197 116 187 125 183 29 56 50 176 145 161 50 178 189 64 33 97 30 53 163 34 32 0 98 16 67 111 153 110 65 169 159 2
14 93 152 35 74 129 93 63 75 116 78 48 22 96 29 23 73 120 142 112 74 186 112 135 49 84 64 192 100 148 41 172 136 77 169 80 133 39 6 16 28 13 118 156 25 100 98 66 153 122 147 16 118 39 66 143 106 85 180 30 160 0 157 169 147 22 141 167 182 119 113 77 49 172 26 113 179 97 169 199 165 147 163 6 74 188 159 71 127 176 42 59 170 168 139 131 153 152 120 51
114 145 55 170 183 126 9 200 80 71 135 169 72 64 175 117 31 127 111 108 96 4 137 76 86 138 102 49 97 97 9 85 154 115 67 61 138 179 37 51 131 113 153 155 77 118 139 157 67 91 29 179 148 7 101 38 187 78 60 167 31 103 59 34 163 48 119 155 84 109 58 190 21 6 168 45 128 133 30 134 4 82 10 57 188 43 176 54 186 135 136 31 145 125 20 19 149 122 117 168
26 191 192 36 96 143 13 177 147 173 130 168 112 55 27 82 169 113 141 103 164 152 142 55 124 18 80 37 159 23 97 20 158 15 114 81 46 183 60 116 127 23 68 81 49 42 39 157 52 134 169 88 174 189 39 179 132 185 176 168 175 99 191 169 118 33 36 149 199 22 93 134 132 7 122 75 2 146 49 194 121 192 30 118 186 186 90 140 137 126 8 90 99 70 86 150 140 117 178 58
16 55 112 20 197 160 16 142 172 85 139 181 36 84 182 76 14 79 161 173 127 35 28 157 92 149 55 167 67 168 64 27 140 68 134 78 21 19 84 139 41 99 128 176 168 46 134 31 186 196 92 126 62 30 153 192 191 112 21 166 45 159 88 36 134 16 171 17 33 11 157 17 101 184 165 178 45 76 114 175 115 38 64 10 26 168 150 144 106 196 57 86 77 165 12 21 119 85 92 108
151 14 171 200 44 17 73 140 5 31 4 116 67 60 68 92 24 107 198 129 46 77 21 104 50 31 123 90 194 29 10 50 158 16 200 72 63 26 160 110 60 55 160 164 98 74 166 197 76 104 48 6 149 13 117 11 83 103 100 175 56 22 178 164 100 55 143 56 93 184 14 90 19 27 149 187 72 33 103 6 72 37 179 180 194 48 59 196 67 71 118 43 35 27 166 183 29 157 51 6
103 22 168 8 6 149 11 86 117 169 101 171 195 53 95 168 139 177 17 117 162 12 99 118 78 56 112 123 164 20 76 6 171 17 101 187 73 29 71 199 133 159 191 79 93 186 37 189 38 165 74 92 13 51 23 78 161 0 185 84 172 67 169 131 59 142 187 69 195 100 32 100 179 42 85 170 121 104 98 70 30 97 97 3 131 155 41 5 58 64 167 140 94 141 67 19 25 106 171 12
179 85 88 64 136 172 70 193 154 4 91 97 92 14 12 143 172 96 171 26 32 3 120 44 75 50 23 65 180 139 107 106 28 184 61 160 188 105 61 90 173 26 23 188 18 89 121 150 105 165 186 6 106 5 34 196 72 104 168 22 136 173 119 63 199 128 50 150 181 80 144 97 185 33 188 64 155 41 171 167 71 33 9 14 62 189 108 76 110 87 170 11 24 90 37 78 118 178 191 45
58 187 144 129 35 194 63 198 147 69 156 44 153 168 160 85 32 104 25 111 56 90 179 110 34 23 65 117 37 94 106 88 66 4 92 181 125 82 123 13 145 134 146 30 192 114 139 165 73 188 30 143 90 197 75 6 153 191 12 90 113 21 80 4 41 150 2 78 169 70 147 89 110 54 13 119 27 48 73 134 90 15 7 151 37 121 61 117 102 69 57 145 48 1 25 4 40 143 193 36
67 48 177 133 64 100 171 95 194 159 194 192 18 138 126 51 84 114 126 114 61 131 163 128 113 131 199 63 70 198 107 160 150 45 199 43 97 117 181 61 67 38 178 105 23 38 84 54 39 146 98 91 13 191 154 93 22 83 186 181 36 42 17 51 44 50 182 46 199 118 193 63 4 183 126 93 177 165 126 2 101 152 199 107 92 45 144 182 127 164 32 88 104 56 199 175 12 200 33 158
2 101 5 103 180 84 12 181 135 126 3 170 4 172 55 71 71 41 120 125 176 121 75 195 66 78 193 56 179 138 157 7 17 9 137 96 14 135 1 107 175 135 90 195 58 9 55 25 112 70 90 193 180 40 55 150 12 173 39 114 103 20 158 157 70 73 76 160 149 103 184 135 165 18 169 0 186 15 76 160 131 128 138 98 57 85 105 134 135 86 143 3 192 29 11 128 199 125 164 170
182 147 156 189 166 124 74 191 194 96 1 19 96 99 24 109 54 101 197 193 181 129 143 29 137 157 5 156 47 124 2 60 139 93 130 40 15 135 18 18 95 139 46 156 161 55 186 85 171 9 44 62 71 79 126 7 49 98 14 107 127 24 32 187 182 52 99 38 177 133 142 88 10 128 77 109 60 86 34 166 169 139 54 115 143 156 73 46 162 129 195 121 18 193 138 32 110 41 51 83
36 15 27 70 60 13 137 113 168 192 79 85 150 17 117 138 80 142 14 63 98 169 36 182 160 105 109 104 15 76 53 180 45 2 89 143 91 123 160 193 57 72 181 13 73 30 149 195 66 137 22 103 55 141 35 179 87 181 67 10 198 142 150 198 94 195 10 122 145 29 179 105 152 172 183 124 53 176 181 120 176 161 26 172 111 24 170 124 40 74 15 197 42 153 77 23 16 118 84 190
119 143 186 115 142 49 191 110 23 166 88 102 18 34 163 197 162 189 185 146 117 38 14 153 32 181 42 53 48 57 188 114 80 114 102 83 150 4 21 114 194 38 56 118 13 75 11 115 84 78 100 25 115 162 39 150 177 129 60 112 29 85 125 120 8 13 159 108 102 67 183 118 58 8 192 87 178 91 47 146 52 93 30 35 166 7 20 190 171 99 25 27 100 196 193 196 0 121 152 184
