100 100
163 28 6 189 70 62 57 35 188 26 173 189 139 22 151 108 8 7 23 55 59 129 154 6 143 50 183 166 179 139 107 56 114 150 71 1 194 40 178 108 87 71 39 55 195 86 26 23 97 24 91 88 154 67 11 186 117 137 31 96 20 141 75 160 158 92 147 49 180 17 11 169 58 197 74 20 59 25 97 71 116 162 93 41 94 90 53 171 68 179 174 165 18 155 162 43 136 186 62 41
118 97 69 163 176 142 56 175 83 196 198 14 58 8 80 102 68 16 54 145 183 80 54 167 127 101 164 117 36 67 35 63 190 143 137 67 191 149 109 149 102 92 56 35 130 126 23 193 12 28 39 160 40 174 108 152 16 98 97 152 119 135 64 141 2 174 184 29 174 137 192 68 196 164 87 28 75 111 40 116 0 184 184 67 128 195 45 129 27 160 76 163 129 155 50 39 95 195 41 138
199 135 0 153 82 125 4 28 92 78 61 14 61 145 20 21 187 124 17 194 136 196 32 32 168 121 140 42 67 135 155 108 54 138 193 186 176 51 182 79 102 171 166 95 112 132 115 30 63 57 16 86 5 150 141 58 150 56 1 18 181 161 15 58 17 8 84 18 131 60 71 171 124 54 138 33 185 146 147 121 62 200 121 104 48 24 24 168 110 90 108 105 119 186 13 172 167 165 25 15
103 186 86 27 63 49 48 137 114 35 108 46 71 118 63 19 113 140 25 12 166 138 3 23 192 60 42 104 124 123 54 102 15 42 97 0 99 67 200 200 116 73 108 178 187 200 142 169 183 124 39 48 75 55 14 148 188 138 15 191 80 14 12 149 122 128 135 40 14 130 20 47 17 152 17 172 60 103 30 145 63 148 152 10 158 20 107 168 149 144 133 80 66 52 171 183 80 61 67 101
33 171 165 76 117 80 192 18 2 117 159 144 25 18 137 54 129 67 33 89 17 62 94 72 40 112 139 180 77 156 167 135 2 170 141 76 169 26 34 67 29 27 190 141 39 69 72 154 53 183 87 52 175 162 67 129 125 64 13 23 162 108 70 11 0 85 197 33 163 67 41 189 113 141 180 109 143 2 28 19 176 38 139 9 94 149 141 37 110 32 10 78 93 10 91 53 174 63 170 26
90 199 143 104 158 191 39 60 41 45 105 6 45 188 85 200 105 171 188 63 68 40 179 27 97 9 120 56 51 117 89 78 58 57 6 168 49 102 84 71 17 197 71 89 164 130 102 173 137 84 7 29 66 45 148 67 9 27 152 111 88 186 80 111 155 130 29 98 147 48 65 11 181 111 0 133 137 175 184 189 188 171 50 93 110 17 170 84 159 80 169 31 184 76 129 79 170 104 83 103
178 75 141 32 49 107 170 97 173 191 44 157 145 77 103 140 0 77 73 53 110 148 155 167 82 119 113 113 172 54 130 121 188 43 168 21 72 131 169 162 158 85 23 192 60 172 79 57 50 37 6 11 62 121 156 196 18 116 106 161 147 49 183 178 98 126 102 62 37 167 176 1 192 197 27 199 108 56 45 178 132 118 12 142 63 31 116 34 118 170 135 143 152 81 193 113 156 184 129 109
140 114 40 190 121 115 66 192 63 163 70 196 199 133 124 160 61 70 112 19 182 73 60 69 85 81 138 20 35 38 59 98 177 39 180 54 16 106 104 84 138 119 106 15 52 107 99 197 149 178 5 195 147 97 122 1 90 76 192 99 107 137 191 188 139 154 56 124 56 69 111 124 7 99 86 171 173 103 185 42 119 32 159 136 6 100 151 144 169 6 21 164 109 34 118 46 12 66 97 83
54 116 83 86 194 97 71 192 107 64 20 120 4 191 138 13 89 57 166 17 199 166 10 193 7 63 51 5 159 39 61 32 121 171 29 144 55 119 179 65 196 94 42 155 155 191 183 29 199 41 79 27 148 6 79 147 173 96 101 183 50 19 151 176 160 62 26 178 197 77 175 153 30 144 200 10 88 136 109 169 94 17 129 165 87 3 107 125 27 110 92 162 117 181 39 111 45 187 133 166
69 157 137 198 123 119 111 187 151 68 82 62 22 71 115 62 192 118 145 156 171 97 86 7 126 83 46 124 54 90 66 87 71 152 179 70 142 2 132 48 21 61 184 104 125 142 194 61 176 121 165 182 125 114 4 23 75 56 103 177 62 78 169 148 94 121 141 135 88 108 190 140 84 90 179 116 69 78 64 59 30 184 49 80 30 190 137 195 176 47 49 55 189 123 70 185 150 194 134 152
72 25 49 75 58 92 45 77 3 181 136 32 70 11 13 141 74 178 32 163 192 125 26 3 146 72 120 122 112 87 47 13 64 122 29 16 102 125 18 147 161 175 13 38 38 144 77 21 63 30 142 195 106 155 152 158 57 198 133 97 115 113 76 150 109 78 145 158 15 156 189 25 195 53 160 54 67 169 20 40 61 44 141 19 40 0 104 115 176 152 120 74 8 59 73 180 72 179 116 18
175 59 67 160 150 169 50 108 29 139 57 165 38 68 36 18 15 42 78 152 191 145 73 112 31 119 176 77 179 103 69 128 138 126 112 20 153 10 110 188 82 154 64 6 23 58 172 147 150 5 195 172 68 147 10 195 193 44 120 132 166 113 71 46 149 111 162 125 23 120 89 104 85 82 171 26 41 84 105 177 126 73 169 102 194 140 9 116 22 80 64 82 29 197 103 131 0 168 138 118
105 13 48 132 92 159 193 127 160 113 194 13 52 68 140 33 73 112 178 124 31 7 161 155 61 181 40 79 141 3 141 104 23 57 29 118 30 165 39 127 183 74 130 180 69 106 123 120 62 116 141 37 98 48 153 130 191 34 17 70 197 106 87 129 68 0 72 185 76 150 148 168 125 38 114 137 123 88 85 141 195 139 96 116 82 48 178 61 146 98 59 198 105 11 81 190 121 180 97 98
169 166 38 126 9 32 128 151 84 25 112 25 134 116 3 184 36 104 167 39 19 120 200 67 86 159 177 101 166 20 84 172 136 97 81 160 183 194 124 138 9 158 17 60 161 175 73 58 191 23 111 25 194 162 180 25 113 42 177 76 7 11 83 14 75 91 95 110 37 62 135 105 144 174 46 43 44 20 156 97 158 174 61 127 149 36 59 118 163 65 117 65 170 2 119 73 173 139 40 18
113 88 150 76 163 108 176 64 116 77 50 98 123 27 60 97 146 91 147 75 179 75 5 168 101 70 2 144 175 199 190 12 155 190 127 73 198 58 155 90 56 162 48 158 64 173 193 184 196 168 174 35 160 24 160 165 10 79 112 8 148 93 187 33 23 75 83 191 106 44 51 33 138 93 135 128 69 42 65 123 75 191 86 29 119 19 36 193 57 173 185 172 101 142 93 23 101 3 67 137
31 116 94 172 191 172 67 149 97 163 95 27 172 59 120 6 158 143 83 156 56 165 16 162 118 179 77 166 104 29 35 11 9 77 126 29 24 60 137 34 99 116 94 171 190 178 138 107 150 190 186 39 106 167 25 125 157 104 71 8 176 94 55 113 113 60 92 25 175 94 139 165 91 15 101 70 48 31 116 23 169 54 164 163 152 5 12 85 62 32 144 52 17 195 141 53 150 55 59 84
198 37 152 0 70 37 33 138 64 44 28 169 6 33 3 91 60 150 82 4 44 67 13 32 189 107 134 29 190 16 121 114 199 92 131 151 27 115 128 56 157 11 186 200 168 133 77 117 164 7 15 122 102 109 175 27 125 182 113 18 20 82 155 37 16 32 70 159 162 149 140 182 83 97 152 135 75 116 129 154 110 25 179 29 167 166 196 141 184 55 110 115 58 105 86 116 102 106 186 24
80 109 80 170 65 95 39 175 121 17 23 21 23 110 24 190 189 95 33 142 15 150 143 143 84 171 31 105 90 170 192 108 184 13 73 153 79 90 26 147 129 54 39 168 123 57 27 89 142 94 29 195 71 146 57 109 143 196 159 157 172 164 142 6 155 168 177 68 7 46 69 179 195 79 86 89 1 46 36 144 168 102 17 36 189 162 7 23 191 135 55 96 107 116 87 40 94 79 184 83
198 145 152 21 13 39 40 193 158 12 172 20 69 113 169 108 124 155 113 106 69 55 193 131 29 88 110 28 72 173 173 151 124 134 170 78 11 56 101 153 14 1 52 77 54 196 35 195 65 74 83 30 1 127 191 110 44 33 97 136 180 58 128 143 171 90 18 101 189 10 111 4 117 19 80 147 109 146 103 181 163 106 74 29 103 5 83 43 158 117 176 92 22 111 27 62 111 150 102 134
20 101 79 190 86 56 85 199 43 19 130 162 29 135 130 49 198 89 89 186 165 37 60 26 37 65 50 44 154 39 194 194 167 19 45 197 160 126 118 193 144 194 148 114 174 144 164 162 159 82 160 80 38 112 17 120 113 161 77 70 151 14 90 129 18 79 118 115 9 14 94 73 19 165 23 157 152 129 98 118 148 141 189 10 115 146 166 48 82 154 121 128 38 15 115 26 87 182 21 129
165 44 10 63 181 112 112 134 133 156 40 93 95 72 99 104 198 86 173 153 13 161 165 85 16 84 24 142 173 98 72 64 185 168 154 38 85 20 149 169 36 89 79 167 178 169 100 33 152 181 21 79 143 96 164 84 32 171 179 189 175 134 23 165 171 108 130 92 4 92 79 46 54 87 196 124 49 57 35 39 19 75 25 129 197 138 189 134 9 169 86 196 158 33 152 96 39 41 46 177
197 159 42 184 112 11 105 93 173 184 60 113 156 72 192 191 200 114 59 136 61 79 200 120 49 94 173 146 112 118 196 72 199 97 128 135 107 41 51 154 35 64 13 164 123 95 141 26 182 132 31 72 21 195 41 69 115 131 37 111 23 56 115 89 6 106 13 101 128 95 60 98 20 95 57 7 81 25 182 166 85 37 35 9 73 120 178 35 194 180 120 114 157 1 20 4 65 55 38 140
186 155 135 108 28 198 73 60 77 31 12 61 107 163 159 117 16 28 127 152 137 4 161 131 147 61 183 36 74 109 0 157 90 61 146 106 47 170 171 21 134 92 17 134 139 129 129 141 5 99 120 11 162 99 95 64 191 4 91 17 88 61 187 168 160 26 197 148 188 193 85 34 11 90 139 86 164 44 199 175 118 178 122 161 46 34 16 183 198 117 9 75 51 11 51 10 80 79 131 101
139 121 64 9 192 165 48 73 91 199 12 167 84 69 31 94 111 102 190 112 98 86 47 127 177 127 94 132 68 21 186 108 20 110 154 46 139 75 82 26 20 83 169 75 78 114 154 183 109 42 176 113 89 114 10 186 90 157 111 70 163 14 19 171 163 103 93 131 191 173 40 7 36 155 173 200 112 8 32 17 60 199 165 93 92 98 145 8 154 39 173 115 94 95 113 195 19 146 35 135
93 101 80 166 71 63 29 6 188 47 127 132 99 143 30 67 198 66 180 114 54 156 73 177 125 51 31 34 18 115 44 182 113 22 174 81 170 88 181 16 140 138 74 76 40 182 181 179 163 44 92 130 57 31 51 35 60 126 6 92 141 146 94 119 141 33 156 22 16 79 101 183 184 122 134 105 196 104 147 18 32 81 164 18 115 119 174 132 88 32 199 141 163 150 46 196 33 110 128 14
31 132 39 77 42 41 82 181 57 88 132 72 20 64 50 162 141 70 32 160 77 157 136 23 128 164 43 151 148 39 43 168 159 184 154 86 144 10 7 20 11 164 197 147 67 166 53 196 146 106 158 163 7 127 160 139 74 164 77 123 62 175 103 76 116 18 176 15 40 112 106 123 118 52 87 155 36 80 183 81 187 88 102 33 194 94 131 143 27 81 61 119 31 68 115 63 36 24 12 74
98 157 107 63 40 83 147 184 80 48 195 40 127 131 119 127 78 127 5 23 100 129 117 61 55 149 90 12 12 72 126 152 167 172 120 73 137 2 27 110 34 67 186 93 195 103 93 11 102 13 145 143 49 92 141 73 18 98 129 115 195 140 71 159 174 156 30 32 24 100 95 86 142 93 193 36 50 154 130 102 128 10 11 9 35 182 85 121 132 116 38 155 131 35 83 156 81 41 100 157
189 76 151 86 129 130 136 125 181 144 76 121 4 94 84 172 28 106 149 78 185 176 161 6 152 121 67 167 200 198 148 147 58 184 13 149 122 43 134 161 184 158 198 97 37 174 62 8 146 179 28 48 4 112 80 107 38 105 176 52 105 128 198 156 120 188 186 15 180 35 132 53 143 83 169 122 134 96 80 44 117 136 87 139 90 173 197 184 174 164 177 67 156 123 49 63 71 142 76 57
76 197 73 180 53 176 180 125 81 122 89 143 184 70 73 31 146 173 139 97 101 88 197 37 74 10 73 182 20 88 113 167 65 191 122 54 51 137 69 143 178 69 35 27 157 189 150 61 62 12 171 135 57 163 59 13 25 105 84 183 120 25 174 197 35 1 140 40 104 167 121 122 166 51 193 73 82 73 165 15 196 22 166 146 59 136 189 185 9 44 106 45 9 101 126 47 191 74 9 2
76 145 154 27 85 72 116 164 139 134 126 34 129 119 69 49 28 84 41 187 117 165 65 183 47 3 188 86 75 145 172 193 49 44 156 163 103 109 131 83 22 102 171 24 47 35 122 82 63 1 66 98 60 114 192 68 84 77 149 185 146 2 66 167 92 177 60 15 170 30 119 78 40 103 175 128 180 197 79 176 30 163 75 94 157 56 56 34 122 39 116 191 155 95 106 179 140 120 193 137
170 55 195 63 174 193 152 20 134 114 135 180 92 19 144 28 15 140 129 51 146 137 38 42 83 133 113 29 174 52 183 149 125 23 130 114 14 116 33 131 106 116 144 14 143 118 172 78 185 5 101 65 0 190 55 148 18 11 108 88 179 16 138 15 17 120 8 73 104 46 196 34 196 164 186 165 107 95 97 114 96 96 20 174 169 138 34 167 89 30 45 137 100 135 32 186 57 0 193 5
76 118 172 184 139 108 136 97 58 63 117 88 39 70 48 185 195 28 8 169 107 157 196 4 61 52 17 25 152 8 114 153 172 180 12 62 189 11 102 112 59 138 55 193 198 14 35 128 74 59 187 147 81 147 153 197 172 82 60 77 36 169 133 56 105 76 70 15 142 151 188 44 160 173 109 142 126 12 88 164 171 97 134 81 178 106 104 38 76 96 47 193 137 121 61 57 76 181 36 118
14 143 105 106 142 135 34 99 62 65 52 84 165 20 115 94 23 137 185 48 13 68 96 172 154 154 10 18 48 194 150 185 171 143 55 122 53 85 77 3 54 48 189 30 191 193 122 62 178 154 180 52 101 61 141 82 198 72 97 119 136 166 91 78 66 92 131 127 119 25 184 120 194 81 52 94 80 105 11 144 56 189 37 4 66 141 149 148 184 106 75 39 50 84 58 97 145 62 127 140
167 175 86 65 195 125 185 164 189 125 117 43 187 90 43 35 184 139 125 47 138 164 15 134 8 19 171 12 195 1 105 35 161 59 17 181 38 2 55 129 116 95 15 158 163 170 157 123 168 124 4 1 136 141 105 3 4 135 184 70 137 73 4 128 178 172 110 45 27 24 134 38 61 49 158 134 64 90 68 101 20 95 103 117 144 62 178 57 76 175 20 167 166 194 8 23 103 97 96 141
121 14 163 2 179 43 21 127 111 165 200 84 144 24 135 10 58 54 177 145 121 69 11 19 175 71 139 144 168 8 45 80 4 53 150 36 192 182 101 19 76 41 144 61 145 99 173 138 84 98 193 189 35 176 185 20 128 190 88 13 25 111 59 19 87 154 196 157 152 101 198 83 7 162 69 200 115 125 58 91 141 96 110 47 174 149 169 97 21 197 158 75 63 182 18 21 68 39 97 182
200 162 39 189 99 81 92 27 23 1 78 113 92 194 69 26 33 22 47 110 114 142 142 131 104 26 6 22 90 141 23 152 153 200 83 98 3 74 105 99 199 21 185 143 62 146 133 43 175 97 43 35 68 77 68 126 37 16 42 111 70 107 76 123 200 19 92 64 63 184 160 126 152 157 50 117 27 34 77 1 101 85 158 97 84 112 85 110 166 152 34 76 82 154 177 51 122 80 45 101
81 74 188 177 162 125 147 200 62 83 96 71 100 93 29 144 51 151 139 46 174 196 140 6 186 118 181 53 112 74 177 17 104 172 127 35 162 77 61 64 168 39 183 108 96 18 114 153 122 149 102 136 129 177 107 139 9 92 179 137 152 163 21 27 196 63 168 170 90 42 165 156 11 144 165 173 165 102 192 84 110 27 2 25 66 56 130 191 132 142 148 176 147 56 114 95 100 118 197 173
150 176 128 38 88 6 123 26 75 106 21 29 186 36 89 79 87 116 200 52 133 123 89 121 24 112 184 178 115 81 17 76 11 181 29 5 87 165 27 173 42 189 62 132 44 141 40 84 143 109 118 59 103 161 47 47 163 168 110 101 7 188 157 50 115 151 109 99 1 180 54 52 71 192 180 16 147 26 137 47 93 83 50 117 29 67 171 125 135 163 80 152 99 156 100 150 29 89 90 117
158 44 172 180 76 157 151 21 172 34 80 30 61 78 29 46 95 177 36 130 99 107 152 35 147 98 108 47 124 162 137 177 165 44 142 42 125 73 35 47 80 115 158 13 91 2 124 34 49 98 143 129 167 126 104 175 125 106 181 113 125 42 21 144 7 194 56 74 8 70 57 137 73 43 199 117 144 190 197 196 126 140 130 28 146 29 68 198 139 93 138 193 10 194 184 112 139 55 108 26
188 167 192 63 76 8 115 67 89 22 112 30 198 60 53 188 150 176 89 181 156 161 109 42 157 35 200 52 52 15 145 89 136 71 152 137 43 82 180 74 74 146 68 131 173 24 34 192 105 15 70 167 32 179 33 63 37 182 82 63 194 173 100 125 36 147 161 68 160 106 96 115 19 162 196 23 103 131 191 71 177 94 116 124 83 148 0 198 187 23 187 117 162 170 178 91 16 136 101 55
109 54 126 68 82 72 86 140 147 33 144 124 87 174 195 12 11 25 160 200 117 4 31 40 112 116 0 109 51 176 33 166 77 40 70 23 167 92 64 21 95 170 166 42 13 101 160 78 185 179 193 59 109 167 23 180 24 0 54 122 19 33 151 57 132 174 113 2 2 178 87 30 108 177 33 122 18 58 98 22 187 26 26 80 94 76 35 97 198 192 34 164 173 36 17 135 144 2 156 166
42 112 89 184 54 160 191 38 105 157 175 113 55 22 25 35 192 31 150 186 98 89 109 80 35 63 70 165 21 63 141 153 153 184 155 72 199 176 6 168 77 52 132 155 130 48 191 100 75 165 13 200 61 126 98 28 61 127 163 152 18 135 3 92 81 33 99 145 107 93 139 174 44 195 120 197 18 4 150 17 3 67 55 10 15 101 129 73 160 182 128 196 106 108 179 102 21 163 137 137
157 39 71 21 79 20 130 52 39 137 83 100 150 162 195 166 174 164 16 79 178 111 186 61 14 62 22 111 29 116 156 155 14 79 170 189 168 189 44 30 3 181 35 179 2 41 127 88 133 132 200 184 66 42 95 32 191 199 68 187 30 197 7 85 109 69 134 16 67 182 147 160 19 127 116 130 92 14 127 145 42 94 40 65 197 26 146 172 185 29 58 189 130 0 11 3 62 11 120 93
98 38 45 9 141 182 189 167 107 57 82 63 106 184 81 69 19 146 95 30 128 172 13 45 57 132 11 102 17 119 72 198 79 83 22 141 116 2 94 51 74 144 200 77 189 159 62 118 94 151 126 197 198 50 187 139 194 62 38 1 104 6 59 138 88 162 177 2 85 0 194 168 96 188 186 78 26 52 135 60 107 125 15 36 182 71 23 11 59 133 105 179 95 117 191 21 148 24 129 34
163 100 19 151 145 15 111 169 33 60 74 66 80 100 179 188 83 81 115 69 59 19 51 34 199 197 149 27 39 27 42 115 119 80 104 30 137 91 197 53 115 78 118 67 30 23 40 175 77 180 178 154 10 55 83 37 23 182 63 91 101 131 12 173 76 66 44 7 103 115 142 191 140 63 24 118 26 35 31 3 15 199 56 33 50 102 95 175 161 165 21 149 150 66 19 5 16 50 165 113
32 23 84 31 10 118 12 43 146 110 185 101 127 7 97 174 109 44 90 54 47 70 71 114 38 8 157 158 157 62 165 75 127 105 140 122 15 22 71 98 35 107 51 164 134 63 161 139 4 97 200 182 91 122 139 200 124 88 144 128 82 99 69 46 6 81 152 56 7 199 71 14 120 135 91 196 149 59 40 25 63 168 61 68 136 188 14 195 56 147 99 90 44 45 60 151 81 188 178 91
151 7 180 179 90 145 144 36 144 48 126 138 79 44 125 9 23 14 59 154 56 5 134 122 0 84 157 51 33 87 183 45 82 15 5 37 150 180 36 198 28 134 93 18 95 180 169 101 150 25 86 77 82 34 40 187 111 163 124 166 81 44 181 143 177 157 91 57 170 150 44 96 78 187 176 75 32 45 186 0 179 146 100 197 145 8 46 154 81 156 56 163 144 26 127 36 84 190 19 60
88 81 42 162 22 181 171 163 186 85 114 2 67 53 63 177 17 89 65 27 184 0 12 98 112 187 107 42 105 126 96 89 139 96 25 122 147 166 194 175 57 41 115 18 8 75 5 81 66 26 18 87 43 96 41 187 19 140 23 86 152 157 123 180 7 110 167 42 155 111 40 13 25 84 52 48 104 178 141 184 186 138 67 169 72 76 60 24 12 100 146 140 125 39 13 92 0 109 22 75
169 160 153 122 51 24 6 52 43 163 74 20 121 29 78 200 101 120 125 169 67 23 164 139 99 47 94 97 94 47 114 11 67 112 119 67 57 68 144 15 38 192 178 170 24 21 171 88 138 105 193 150 58 141 15 99 133 107 137 175 121 146 60 121 76 20 101 182 8 128 146 132 146 173 158 37 30 193 114 44 42 54 49 32 10 108 20 174 111 51 160 37 152 66 81 186 17 22 99 142
101 141 83 70 133 117 3 179 159 150 133 200 107 28 106 38 37 145 150 149 194 25 27 144 199 25 73 137 88 105 67 98 167 124 146 155 121 9 44 70 103 36 158 155 174 177 102 9 101 84 176 60 12 190 121 68 95 5 86 77 79 71 125 178 175 25 58 34 76 190 113 198 82 68 186 106 154 165 22 48 113 54 104 189 124 194 132 95 14 131 40 16 79 181 129 103 34 199 134 145
7 44 49 51 14 63 8 116 12 92 180 50 70 94 118 129 101 162 31 174 7 61 95 125 152 114 45 121 150 141 89 88 41 66 191 176 23 72 7 98 12 41 146 199 54 56 165 57 173 52 68 166 104 131 5 199 196 174 2 121 33 165 44 153 2 57 64 155 78 182 181 164 70 108 96 89 117 64 55 119 77 173 133 159 101 149 26 1 130 169 95 143 165 152 155 72 76 175 27 123
16 86 70 163 83 70 66 167 182 166 76 48 38 132 195 61 14 153 103 169 81 174 35 184 6 167 127 75 66 107 103 99 188 9 149 181 146 48 87 185 182 56 175 136 163 200 121 171 91 129 76 43 168 142 46 75 24 120 32 189 66 185 143 195 46 174 85 167 22 56 90 57 190 78 107 84 95 66 149 75 118 30 120 13 162 149 148 158 18 120 49 128 30 174 97 135 76 105 13 38
35 51 87 104 145 117 36 80 183 46 199 20 124 85 161 45 80 162 14 1 115 70 53 194 198 43 147 195 40 125 195 199 22 33 157 111 162 109 103 109 122 98 1 9 136 51 187 95 3 82 193 135 48 4 173 1 160 187 63 57 177 88 79 33 26 98 128 150 78 42 16 11 76 74 116 186 133 152 134 86 111 175 34 87 125 91 192 48 42 103 4 58 57 186 33 54 187 5 150 129
43 31 93 182 166 9 96 163 65 197 136 159 12 152 12 169 27 167 5 12 176 29 106 113 97 31 140 64 121 179 39 52 177 175 161 2 77 107 169 25 169 133 69 159 155 179 35 107 26 130 184 158 30 72 29 200 27 127 50 155 51 199 67 133 51 91 180 104 75 41 10 140 127 53 176 123 84 60 0 3 171 22 28 146 171 126 38 23 199 130 19 185 185 25 65 164 59 116 75 67
118 12 25 44 10 74 92 173 80 109 189 29 24 194 11 2 35 169 165 43 84 91 112 159 68 187 23 95 87 46 29 102 102 116 69 98 176 122 107 166 42 28 33 178 185 15 40 26 106 151 123 145 173 112 46 156 97 199 91 156 7 175 186 33 123 124 28 105 112 11 16 66 167 80 3 180 173 134 196 190 147 185 144 57 171 86 132 133 176 179 158 24 110 169 186 63 123 88 169 173
164 98 38 142 156 13 2 164 40 129 120 126 42 19 192 125 82 61 84 71 12 129 57 140 164 96 103 60 20 117 113 146 114 22 127 114 80 30 127 190 167 4 26 103 105 9 142 140 0 23 154 158 163 77 130 143 52 167 171 116 87 93 13 57 116 84 143 196 158 153 121 183 168 93 183 115 29 24 194 168 56 0 87 90 162 74 140 133 95 179 27 11 42 126 35 183 190 184 104 27
65 156 50 48 30 100 55 117 200 48 183 86 27 193 106 11 162 172 150 31 197 115 117 168 150 129 34 127 1 135 188 12 141 110 149 123 130 199 45 177 148 44 187 32 26 99 168 153 155 82 129 98 107 155 177 195 63 70 101 87 75 115 34 35 105 154 179 191 131 76 179 140 80 182 188 141 161 55 51 53 159 182 74 175 88 172 33 181 166 45 128 138 177 163 82 181 29 194 90 143
122 149 146 170 181 106 172 191 136 73 108 3 133 27 6 97 37 13 171 14 51 68 192 41 73 174 64 37 15 176 200 75 52 192 138 8 91 115 26 157 172 189 143 57 190 165 143 99 60 130 200 178 73 177 170 12 97 99 106 175 80 141 13 3 190 64 51 158 199 113 57 162 180 181 165 94 193 150 139 189 154 50 198 185 49 75 114 45 174 19 47 44 188 131 30 96 10 109 71 142
67 33 41 149 65 1 84 119 181 39 10 39 82 152 13 198 160 157 169 77 125 146 140 91 18 200 181 81 134 56 47 133 17 129 40 106 139 137 103 23 89 56 54 169 84 84 92 75 55 192 158 135 121 143 192 166 2 29 171 88 114 61 164 157 159 62 10 174 82 97 29 98 65 138 185 72 6 132 197 95 131 130 114 124 11 75 166 49 82 131 21 24 42 197 137 136 1 160 16 53
171 161 198 54 175 108 26 52 137 179 189 198 111 165 18 191 175 39 6 117 183 84 9 22 18 13 45 64 142 18 147 58 66 104 99 115 161 103 110 80 4 99 172 30 136 1 164 184 158 16 193 190 149 11 179 18 91 128 27 74 175 77 155 22 72 195 112 97 101 169 7 121 40 136 56 34 191 100 139 75 162 36 76 173 186 165 95 2 141 142 36 31 10 1 146 152 100 137 140 21
78 53 191 189 185 88 54 105 165 131 36 41 47 56 157 64 49 29 46 171 145 13 192 140 118 165 140 18 74 171 17 64 25 50 185 148 124 84 91 32 171 167 60 25 72 158 17 49 81 124 115 84 157 168 78 177 149 39 144 145 93 80 109 43 1 80 63 56 182 189 164 111 70 92 34 173 187 84 122 118 114 91 198 78 124 141 27 44 165 155 20 71 35 137 50 67 187 160 19 186
19 4 129 161 7 148 148 103 196 151 54 9 141 66 139 138 120 167 198 38 93 100 57 197 150 187 74 34 118 128 130 23 101 93 128 2 169 61 157 175 42 193 131 35 114 40 45 144 144 168 37 188 187 123 91 10 56 194 124 59 16 67 94 59 10 171 52 132 92 99 120 116 11 10 166 82 26 180 133 162 70 189 67 148 139 145 44 96 167 96 93 150 167 19 132 64 96 57 132 103
90 88 124 123 154 1 128 35 112 42 58 19 131 164 71 54 38 47 40 92 154 183 30 169 58 106 84 184 29 123 172 122 122 53 151 41 165 105 5 62 11 32 146 151 41 34 161 131 10 146 37 14 42 66 46 132 103 153 144 163 4 184 186 169 72 21 55 114 155 120 123 43 56 105 153 36 149 196 46 159 168 130 67 42 185 175 87 116 152 151 17 58 96 98 33 27 4 51 133 129
175 107 38 155 24 45 121 157 153 9 200 136 128 192 30 23 123 168 33 154 138 0 198 173 166 110 133 107 94 11 178 135 109 58 123 196 97 89 150 189 194 178 147 25 108 34 65 122 196 59 21 72 153 139 104 65 48 1 181 190 1 147 133 30 133 1 96 167 52 176 80 104 92 27 39 109 166 149 64 66 137 108 144 93 156 70 174 101 193 52 105 141 200 142 123 45 94 143 142 123
64 78 147 88 198 180 101 188 35 168 30 191 58 114 200 179 41 25 54 130 102 86 140 157 178 175 180 13 41 99 162 1 23 37 120 153 111 22 16 67 56 94 20 155 9 185 98 102 157 167 133 73 182 152 14 198 44 163 126 112 2 51 168 132 73 49 8 200 153 130 132 178 59 157 43 172 9 92 61 167 0 40 22 70 199 102 90 171 101 103 150 51 132 3 188 180 17 23 140 72
185 143 149 89 88 70 57 155 49 116 103 147 1 66 44 104 129 27 143 18 128 75 87 29 131 65 137 147 64 177 113 96 144 123 197 62 193 86 198 117 174 117 150 7 123 29 66 17 97 162 56 173 179 58 80 105 90 132 137 2 179 67 63 73 23 102 172 191 87 19 141 45 121 80 90 55 146 68 46 191 174 48 127 188 51 60 188 61 67 52 58 51 63 158 91 39 199 27 30 20
173 169 126 157 1 195 138 10 123 95 158 80 126 147 70 125 46 195 130 71 101 56 192 147 32 13 134 108 122 138 8 128 88 100 175 198 44 117 30 178 132 117 80 176 2 3 172 53 97 148 25 83 92 156 66 47 140 67 60 68 120 156 87 93 47 127 108 53 107 179 192 95 93 102 71 115 46 146 33 147 175 58 25 184 69 60 142 110 97 50 37 189 38 121 2 45 107 127 34 161
132 136 184 80 124 76 64 143 145 12 101 25 176 41 15 55 65 121 161 24 115 190 85 66 92 92 143 142 65 88 5 105 31 89 173 155 50 147 147 166 166 137 44 199 72 90 83 172 130 124 198 188 114 20 97 157 73 118 161 37 42 163 86 107 161 156 146 103 18 20 41 87 58 80 81 167 74 181 68 154 165 101 69 113 199 92 191 150 133 115 105 42 47 5 32 186 60 169 64 190
179 191 20 53 42 101 26 24 16 121 140 13 6 197 101 134 195 21 26 67 158 39 21 167 99 79 58 63 188 72 113 160 32 33 134 43 7 8 169 91 83 121 119 138 69 140 113 34 178 138 45 151 152 116 161 191 162 144 111 134 163 163 136 79 88 123 138 58 22 113 78 93 105 66 39 77 2 0 133 194 34 88 73 120 136 2 176 125 193 122 76 2 196 110 74 152 59 1 140 95
48 105 143 111 101 63 41 183 188 165 99 96 56 67 20 108 160 61 132 195 156 177 175 69 72 166 190 136 68 105 48 17 46 34 74 28 163 116 158 115 69 179 159 125 48 82 4 38 12 136 5 47 26 72 68 32 183 112 186 2 59 23 38 3 126 55 87 107 79 127 95 118 178 8 84 20 192 37 14 68 198 100 18 139 120 46 49 64 97 3 31 196 182 63 98 197 113 63 188 8
50 117 188 197 24 133 170 53 121 99 174 79 82 40 161 186 10 190 140 133 31 64 123 163 76 50 92 13 170 55 28 60 162 111 83 3 42 70 149 30 101 62 2 10 148 200 176 121 176 152 39 95 197 22 63 40 127 23 175 158 86 194 160 15 15 91 165 39 179 137 27 32 124 59 81 142 165 193 88 112 187 49 5 176 96 91 185 34 64 10 124 180 112 143 75 138 178 125 48 145
47 139 89 82 187 119 70 153 141 41 17 135 39 115 75 67 138 93 116 0 198 163 129 97 187 47 4 158 93 198 158 61 82 184 16 168 137 99 48 134 174 127 196 141 39 156 72 82 104 164 82 28 24 133 168 17 11 33 45 8 51 27 124 49 25 8 146 164 99 168 125 134 159 179 151 65 12 93 56 155 183 18 3 53 167 125 20 119 163 15 92 142 190 106 94 181 14 157 68 135
10 187 18 77 19 55 132 24 25 185 59 136 98 48 49 134 168 63 145 160 45 142 191 142 106 191 27 196 163 147 91 172 117 179 170 109 26 42 46 140 102 129 86 168 40 136 153 113 90 80 140 83 95 105 195 162 110 185 82 155 61 144 139 54 96 196 140 190 65 92 115 114 101 0 185 8 72 152 4 132 34 77 1 76 56 54 80 5 197 176 70 141 130 142 146 146 39 24 9 117
91 39 35 67 93 149 63 59 65 76 23 146 102 145 55 187 19 185 83 123 44 124 176 179 147 24 152 164 76 9 187 147 97 20 199 14 197 85 89 111 106 30 197 58 191 167 154 2 162 199 161 97 13 78 134 10 81 138 144 38 83 128 178 56 39 12 172 187 100 114 192 152 147 129 23 56 110 74 100 37 33 86 21 121 146 190 12 140 102 67 21 102 128 111 198 178 33 195 34 123
143 50 124 101 166 146 50 143 157 188 134 63 62 18 68 198 110 82 175 147 22 28 171 105 108 93 89 48 82 88 152 167 6 197 78 43 89 157 113 159 37 112 11 59 51 175 95 39 193 186 21 28 189 13 62 158 37 73 3 87 177 28 78 115 120 5 84 53 189 137 54 52 139 133 192 66 140 123 159 186 36 177 178 171 4 96 149 169 134 11 65 43 15 72 51 178 158 69 13 119
167 2 17 99 169 69 169 168 92 27 4 74 166 98 59 97 130 181 25 80 124 152 136 22 47 50 128 117 143 182 5 10 63 135 78 85 125 100 190 40 4 88 175 90 90 160 77 60 128 70 15 160 65 99 7 142 71 57 38 87 100 168 35 22 186 97 133 173 156 160 175 58 106 61 146 39 109 79 154 84 114 138 33 52 167 35 148 138 175 51 35 79 176 180 134 34 110 197 37 167
144 40 81 17 142 136 184 30 47 81 37 186 7 195 81 105 105 77 113 190 163 189 70 38 199 48 27 33 47 6 195 156 157 68 155 145 156 59 152 59 59 175 6 91 20 176 199 122 34 128 154 120 182 166 95 47 99 125 121 35 41 49 57 8 104 195 3 69 105 56 190 171 51 193 52 16 45 112 157 125 176 83 117 63 109 103 198 10 155 188 97 184 80 100 156 190 146 152 137 134
164 180 9 133 27 115 116 10 62 132 137 101 188 10 142 99 132 195 161 12 48 74 112 101 77 198 73 118 42 108 75 156 13 176 132 36 118 165 115 23 184 128 28 46 199 149 178 139 34 100 105 82 115 6 45 116 151 182 51 116 23 64 82 177 166 182 41 183 187 31 23 29 180 115 162 92 21 134 181 98 186 130 156 40 96 140 97 11 196 43 85 144 168 38 41 37 45 196 182 13
107 78 79 186 196 114 73 160 46 30 33 51 0 159 195 64 3 117 127 127 139 1 155 126 60 55 150 168 121 116 104 113 20 153 153 1 62 140 71 158 160 142 53 12 47 37 14 167 89 9 37 8 170 147 154 76 84 22 12 27 106 45 41 172 72 156 169 177 179 152 146 143 45 116 191 148 92 9 23 196 76 82 94 97 17 194 109 140 16 74 120 34 31 177 70 84 134 105 134 53
178 53 156 14 27 146 186 161 135 22 123 185 176 154 180 73 109 155 81 66 134 147 159 90 33 157 144 127 133 186 161 127 126 46 156 59 181 74 49 0 30 6 119 160 30 188 53 157 106 105 11 85 89 143 163 54 2 163 51 176 72 65 17 78 76 129 140 82 196 1 29 175 85 87 101 185 145 157 7 44 49 84 86 172 122 121 9 165 34 123 39 160 117 137 85 118 200 105 190 14
133 76 144 185 173 80 142 137 4 53 147 175 84 90 16 38 71 7 86 96 160 136 42 146 155 99 47 152 29 200 192 78 180 80 181 8 69 105 22 127 60 95 115 77 55 134 77 44 28 95 200 9 199 51 23 113 129 6 123 128 39 48 87 123 187 134 79 198 83 36 196 25 132 173 33 52 185 9 117 99 182 133 29 1 79 11 175 152 22 85 119 11 26 133 196 168 190 79 5 147
194 79 163 53 82 51 49 73 70 136 81 197 112 171 30 69 38 40 70 29 3 159 143 131 26 52 138 89 140 81 69 36 180 72 146 62 43 18 79 156 86 138 113 12 33 7 120 172 12 27 98 13 22 109 100 45 180 152 151 161 176 179 114 157 91 79 85 50 182 194 171 136 20 193 195 119 145 33 23 178 119 24 116 79 175 164 181 196 119 120 59 57 36 157 66 93 100 46 179 170
84 83 116 124 7 16 121 28 89 122 118 43 72 196 89 154 147 32 130 26 103 182 27 83 142 166 18 77 136 118 102 151 105 61 158 62 140 40 123 98 16 87 53 177 151 110 200 111 145 87 139 177 60 44 169 171 19 189 182 146 124 29 151 152 118 83 142 24 113 45 78 103 17 153 27 175 152 197 97 83 126 165 169 15 23 55 35 148 193 162 0 193 37 169 38 115 136 74 99 157
147 114 50 52 174 81 76 145 173 77 111 183 88 22 149 2 156 130 103 32 75 15 94 140 13 0 180 143 91 28 72 7 60 110 179 151 100 160 81 182 97 103 97 111 139 54 169 44 121 35 48 142 98 92 106 39 73 171 32 34 2 18 165 4 36 184 124 168 111 34 21 35 164 106 116 178 154 108 159 46 116 130 108 141 115 98 90 57 47 108 154 1 147 127 187 60 182 128 68 105
139 147 93 8 9 145 123 180 94 28 148 123 176 20 36 186 187 134 192 199 71 119 132 20 133 156 22 62 120 161 189 169 171 19 175 162 138 148 79 156 13 87 136 199 2 120 116 131 120 146 187 84 107 90 75 74 42 9 177 152 191 77 186 200 144 66 15 161 121 148 43 146 13 168 74 188 159 6 73 124 21 32 129 19 200 71 64 33 157 71 70 65 3 189 28 154 44 151 189 38
168 114 94 44 66 200 179 60 124 46 135 8 87 21 37 152 39 126 192 105 197 98 60 169 112 185 163 42 53 147 187 88 13 164 67 193 29 13 42 118 102 121 77 121 191 192 136 59 97 174 180 99 121 67 37 135 111 3 73 114 97 173 80 135 174 10 24 136 163 90 110 156 166 69 85 69 68 25 65 167 149 100 118 197 172 191 61 187 172 150 197 49 133 86 173 176 46 80 140 2
172 2 17 3 105 25 134 26 175 114 89 56 185 72 64 49 8 6 158 23 14 152 168 55 153 163 31 181 30 22 154 33 96 168 195 165 144 47 28 178 47 64 75 119 169 19 163 116 70 196 109 177 170 197 197 82 65 41 199 18 70 198 15 97 99 85 15 66 67 45 112 17 125 51 156 100 45 165 125 27 36 138 196 110 55 157 164 27 113 183 66 26 8 18 18 146 186 64 198 114
4 127 38 167 163 0 9 170 99 68 38 179 84 100 147 0 131 181 197 125 122 111 103 186 199 17 138 57 0 98 176 199 123 31 145 137 91 85 174 77 102 14 161 165 23 93 136 87 20 117 194 196 74 165 51 45 141 10 98 169 48 76 178 99 27 161 176 91 124 21 161 112 188 48 35 9 49 6 184 151 61 125 99 16 138 164 78 127 136 115 4 9 86 14 86 184 10 103 30 54
167 170 133 117 173 137 38 189 148 59 18 9 188 36 125 167 4 120 158 11 62 179 166 33 3 44 161 12 78 24 116 156 43 151 16 27 29 127 152 157 56 16 51 109 86 188 173 102 83 30 175 147 139 35 82 54 195 11 151 44 85 16 30 70 36 193 106 43 178 94 141 42 112 62 148 10 34 25 161 156 96 199 40 4 124 20 1 1 45 22 180 166 151 72 106 177 197 121 177 32
52 36 163 69 133 115 105 61 44 156 177 9 152 46 183 127 156 22 160 200 77 89 107 1 142 60 49 30 135 24 158 92 194 138 129 56 118 197 160 168 53 70 13 49 28 38 175 121 127 45 40 171 11 13 165 93 72 53 111 64 85 157 194 116 11 26 189 13 137 45 40 7 124 131 29 18 60 184 113 151 148 83 107 50 191 173 83 58 199 28 83 58 25 60 188 105 51 96 56 18
120 149 124 13 111 37 55 156 116 45 99 95 34 117 184 49 161 91 69 51 85 32 8 177 145 15 71 34 28 119 117 107 43 194 87 56 75 154 40 163 156 43 147 141 58 22 105 133 125 55 151 121 118 71 3 186 109 188 63 63 83 111 148 56 151 38 146 1 106 11 10 120 187 196 129 8 108 135 100 122 178 25 115 126 61 21 142 192 3 177 187 104 55 33 91 75 61 165 23 4
122 171 78 41 180 117 146 191 149 6 116 118 197 35 180 103 47 94 160 118 180 162 0 160 18 98 176 85 135 8 75 109 192 69 178 156 138 147 53 175 20 158 85 188 14 131 172 93 13 28 98 93 119 158 10 93 93 44 165 143 180 17 143 181 198 52 35 85 61 138 29 166 122 188 192 148 179 53 192 190 194 57 82 90 68 128 174 108 70 13 16 95 88 115 124 128 134 31 120 181
136 173 136 74 115 158 94 172 177 16 48 117 22 20 100 45 73 19 27 42 70 28 178 37 127 38 52 133 160 5 75 106 174 138 33 121 88 107 113 188 165 5 74 48 16 5 59 133 165 85 105 148 87 167 165 83 124 151 170 178 135 140 113 117 77 145 33 78 43 66 58 123 95 73 197 12 37 90 72 116 42 158 41 182 137 73 46 44 181 177 170 39 41 60 29 10 81 147 32 112
66 94 47 52 143 181 8 170 81 88 37 95 114 138 41 136 77 31 6 103 127 196 37 117 81 39 1 189 139 129 84 165 180 75 121 74 193 146 170 37 144 186 113 86 176 28 187 122 10 35 173 141 29 78 6 102 158 56 114 91 23 83 14 155 164 49 149 134 56 200 196 71 50 5 21 137 114 173 171 22 131 100 49 125 81 154 154 130 14 170 92 101 37 183 109 94 98 95 3 72
88 89 78 114 143 22 55 186 113 189 106 113 73 41 186 108 186 106 35 150 153 22 36 53 77 121 134 85 16 151 193 96 22 1 104 163 69 106 44 142 118 181 145 193 35 51 47 97 74 141 125 10 77 149 77 126 143 189 118 57 6 0 39 67 76 163 162 120 31 167 170 73 106 45 125 176 165 62 7 30 195 70 126 17 153 190 92 148 123 144 111 66 160 175 121 177 30 95 131 187
147 4 66 41 148 14 37 81 118 177 34 91 41 13 69 92 107 162 91 12 74 74 135 163 19 131 49 196 160 46 195 24 153 192 42 139 82 80 175 77 69 175 178 176 92 24 136 148 90 36 3 35 132 72 95 199 124 105 87 41 26 55 39 128 56 48 143 157 176 134 136 182 141 179 193 29 106 117 19 29 33 4 122 89 79 176 92 35 113 152 133 195 87 44 181 77 7 190 30 56
32 177 36 176 58 78 32 53 33 20 108 176 195 200 28 19 4 198 123 193 110 10 50 27 8 168 131 151 15 120 30 64 11 16 77 170 2 193 24 200 31 154 52 150 51 47 171 89 7 23 37 191 71 148 89 90 41 128 199 186 156 61 129 145 17 25 148 195 3 135 55 183 49 72 43 193 137 1 185 25 54 129 181 121 93 178 150 47 112 172 27 46 90 97 108 54 131 58 104 28
194 80 31 119 28 133 34 126 195 92 180 73 142 184 10 21 83 126 29 98 72 116 153 188 79 175 113 57 141 104 74 109 48 17 121 173 94 45 3 172 125 172 26 101 112 133 168 173 21 30 36 101 102 177 151 26 189 43 16 93 50 86 51 152 103 31 59 108 185 127 71 195 182 196 148 151 69 193 164 102 91 121 170 154 103 124 130 71 37 196 116 27 31 64 125 127 59 160 34 7
25 188 13 17 127 173 6 45 97 154 173 83 39 77 159 159 24 194 19 169 192 133 196 126 119 51 75 169 127 125 129 66 138 87 138 139 4 195 8 110 30 98 115 80 96 113 117 9 8 45 142 168 199 77 180 42 125 110 34 79 183 99 124 195 28 145 172 125 168 141 175 138 146 120 121 143 40 129 14 100 67 126 151 96 157 173 90 196 72 82 15 7 151 11 32 93 89 189 149 6
195 160 87 97 24 109 88 91 105 89 14 169 62 63 60 165 79 151 21 176 16 78 29 86 43 5 137 83 9 117 168 108 145 131 107 68 5 178 120 150 5 81 96 146 99 82 146 25 125 25 176 172 52 86 127 128 195 170 86 42 157 76 93 111 51 127 162 19 137 54 73 67 12 76 146 102 57 159 190 23 183 148 24 151 86 69 17 145 135 121 109 53 88 19 166 77 129 76 110 169
