20 20
116 86 60 20 195 174 186 190 75 178 192 135 85 85 68 56 29 152 26 131
190 93 148 200 13 50 33 170 45 117 186 114 195 14 151 65 131 62 49 96
75 151 64 151 69 140 41 119 123 119 60 170 193 191 191 136 79 126 80 111
65 154 131 134 107 86 10 1 55 200 197 3 136 180 105 11 67 92 48 16
178 133 165 200 200 179 91 45 131 11 29 81 148 28 128 93 71 133 148 32
15 164 159 103 68 56 115 181 69 166 147 131 58 115 184 83 109 196 159 112
106 55 97 20 134 193 0 132 68 39 153 21 61 22 124 76 34 68 39 111
110 38 14 200 112 42 171 21 132 112 10 63 122 40 25 84 42 187 26 81
174 135 84 62 140 119 42 174 122 74 9 43 39 27 166 63 5 49 26 193
4 187 92 7 130 120 35 154 119 29 18 153 198 94 42 176 148 144 129 172
133 45 21 29 76 67 139 34 44 194 24 169 18 28 11 147 97 102 86 48
180 168 56 5 64 101 162 69 40 111 61 188 183 97 123 180 29 171 130 141
63 101 110 85 98 16 80 85 195 8 107 184 148 132 165 115 191 157 150 135
184 75 110 126 180 126 192 41 168 87 168 160 57 52 160 194 118 194 56 53
19 11 141 137 91 18 139 142 89 21 31 111 172 27 31 20 38 30 43 176
103 136 155 15 17 125 123 76 186 89 140 96 189 0 112 107 150 183 191 74
9 140 187 17 89 177 196 64 115 29 167 168 99 2 125 70 23 188 52 62
148 31 175 116 168 8 189 20 154 0 74 70 189 99 51 178 119 33 115 68
65 197 151 116 25 2 161 197 180 57 174 85 169 197 136 98 42 183 110 61
53 18 154 186 153 3 196 85 114 78 4 59 53 90 163 84 73 154 135 140