20 20
163 28 6 189 70 62 57 35 188 26 173 189 139 22 151 108 8 7 23 55
59 129 154 6 143 50 183 166 179 139 107 56 114 150 71 1 194 40 178 108
87 71 39 55 195 86 26 23 97 24 91 88 154 67 11 186 117 137 31 96
20 141 75 160 158 92 147 49 180 17 11 169 58 197 74 20 59 25 97 71
116 162 93 41 94 90 53 171 68 179 174 165 18 155 162 43 136 186 62 41
118 97 69 163 176 142 56 175 83 196 198 14 58 8 80 102 68 16 54 145
183 80 54 167 127 101 164 117 36 67 35 63 190 143 137 67 191 149 109 149
102 92 56 35 130 126 23 193 12 28 39 160 40 174 108 152 16 98 97 152
119 135 64 141 2 174 184 29 174 137 192 68 196 164 87 28 75 111 40 116
0 184 184 67 128 195 45 129 27 160 76 163 129 155 50 39 95 195 41 138
199 135 0 153 82 125 4 28 92 78 61 14 61 145 20 21 187 124 17 194
136 196 32 32 168 121 140 42 67 135 155 108 54 138 193 186 176 51 182 79
102 171 166 95 112 132 115 30 63 57 16 86 5 150 141 58 150 56 1 18
181 161 15 58 17 8 84 18 131 60 71 171 124 54 138 33 185 146 147 121
62 200 121 104 48 24 24 168 110 90 108 105 119 186 13 172 167 165 25 15
103 186 86 27 63 49 48 137 114 35 108 46 71 118 63 19 113 140 25 12
166 138 3 23 192 60 42 104 124 123 54 102 15 42 97 0 99 67 200 200
116 73 108 178 187 200 142 169 183 124 39 48 75 55 14 148 188 138 15 191
80 14 12 149 122 128 135 40 14 130 20 47 17 152 17 172 60 103 30 145
63 148 152 10 158 20 107 168 149 144 133 80 66 52 171 183 80 61 67 101
