50 50
165 109 98 176 100 171 110 60 69 35 25 187 114 125 130 88 49 61 110 180 184 180 141 114 127 121 161 122 116 54 103 106 178 195 140 62 171 169 72 37 166 80 94 109 20 160 100 48 86 35
186 96 53 136 182 75 149 0 72 118 159 43 54 10 196 24 77 187 178 166 129 106 131 184 163 56 16 22 51 137 43 120 164 46 43 183 142 105 159 26 6 78 118 45 27 177 76 28 139 94
90 174 188 197 136 135 96 157 38 141 10 116 70 105 17 154 90 4 111 146 11 24 198 177 25 126 180 73 126 158 89 81 63 110 33 151 188 94 65 183 145 77 171 120 102 59 172 48 24 92
188 69 135 175 39 194 131 67 183 7 138 183 55 34 78 151 38 112 181 114 104 169 157 5 153 40 174 127 7 181 108 43 47 104 189 51 171 177 137 186 167 157 62 170 60 191 188 107 145 138
154 48 10 137 173 49 74 27 38 134 198 61 63 0 187 58 157 177 170 72 136 107 72 73 134 4 60 34 57 156 80 183 110 22 144 44 5 51 81 1 104 192 59 5 113 180 32 197 184 55
17 5 100 54 103 51 162 12 43 158 106 22 114 88 116 78 11 140 129 15 181 50 153 160 151 16 125 133 150 138 166 192 170 133 110 59 168 169 80 60 51 71 83 59 188 160 113 59 156 113
157 162 173 97 88 23 131 24 177 137 178 84 146 138 152 115 33 84 191 116 151 73 79 11 24 147 164 20 197 35 100 158 138 90 179 75 131 37 128 175 23 35 32 60 151 67 99 19 18 100
187 90 163 18 133 65 165 90 156 110 147 191 79 145 195 178 114 134 183 148 139 19 41 80 84 27 31 36 14 122 120 188 144 177 34 177 199 134 184 2 92 180 65 152 194 193 55 157 10 42
161 80 167 2 25 24 140 17 101 26 152 99 36 78 125 53 153 100 134 1 48 25 172 8 7 135 99 139 69 84 193 147 127 110 59 51 6 115 27 48 116 21 38 146 162 112 57 159 198 158
85 0 194 149 134 167 135 73 50 13 49 47 30 184 79 144 64 142 62 170 55 174 105 180 86 149 151 163 175 50 149 33 148 166 85 46 82 76 39 47 149 93 46 32 20 57 147 162 91 137
79 19 174 173 44 87 42 29 30 120 30 28 15 40 185 142 9 159 71 119 0 134 167 152 177 148 197 37 87 142 72 120 64 43 14 139 171 70 130 56 112 152 182 119 11 112 83 31 114 19
85 128 198 195 181 182 197 184 139 193 84 10 69 150 46 154 194 87 163 136 89 88 119 118 188 51 66 144 143 152 32 8 172 177 110 84 138 77 139 37 188 78 113 40 141 197 50 199 25 175
183 185 61 66 43 40 104 78 86 111 177 33 101 127 158 80 167 24 97 71 111 189 61 87 35 98 63 140 35 132 164 133 52 76 153 76 34 185 34 119 177 106 186 121 113 155 86 149 114 124
77 200 33 11 173 120 86 63 145 60 138 158 191 193 98 91 26 34 147 139 190 7 88 160 99 97 24 65 151 94 18 120 5 192 180 68 107 113 53 128 37 55 54 58 138 182 125 45 168 28
2 192 198 102 89 151 122 71 22 116 145 125 31 52 199 74 42 45 104 76 85 115 32 59 67 56 12 167 97 176 183 173 105 146 35 166 45 101 7 19 77 44 55 26 139 162 140 82 96 196
86 110 92 71 102 133 90 140 124 107 27 30 122 173 115 109 156 162 38 44 83 166 79 62 63 14 121 12 24 69 132 46 82 12 116 145 80 175 27 159 29 44 200 191 92 80 139 173 158 25
43 121 140 157 180 142 141 160 20 137 191 130 164 165 156 47 74 144 39 73 66 186 192 147 137 126 120 159 15 64 125 105 12 158 49 195 106 120 103 124 176 80 163 40 92 105 21 148 81 87
22 192 148 154 177 10 11 200 133 95 160 180 183 187 44 178 64 103 23 124 17 194 73 12 111 198 25 43 6 37 13 95 104 165 134 134 123 114 167 123 77 148 63 110 168 131 198 191 141 141
150 142 146 58 106 57 25 114 65 173 6 157 42 199 147 53 31 146 14 177 99 108 156 24 180 50 158 125 93 58 12 167 147 79 105 103 15 133 143 34 166 134 173 35 191 12 105 107 107 140
45 68 25 56 33 168 138 163 89 94 48 172 20 105 90 149 49 174 152 10 132 164 43 51 21 6 107 100 77 45 120 65 149 143 171 85 180 170 72 95 117 1 32 44 185 180 133 30 135 145
187 45 14 108 160 73 147 149 190 5 175 197 23 77 150 122 164 143 43 178 15 18 119 74 150 0 79 87 100 144 11 138 166 190 76 114 24 105 167 148 64 131 61 17 104 70 82 100 5 92
59 99 16 138 53 145 133 95 88 142 114 73 90 154 169 152 25 110 188 184 35 152 14 79 79 198 152 90 74 163 146 82 184 157 155 192 107 121 177 86 30 196 99 5 73 137 133 38 136 58
165 173 124 97 190 115 1 173 6 44 75 27 169 111 94 101 14 53 198 135 126 138 25 7 10 115 33 45 189 55 85 116 67 8 179 39 107 48 43 143 54 49 16 80 0 122 65 38 55 180
169 197 113 68 167 161 48 5 27 163 99 139 36 129 6 133 1 184 167 25 74 57 82 65 155 83 51 150 123 53 153 41 123 160 159 142 91 81 132 20 133 33 70 83 188 60 132 93 153 49
42 117 116 105 29 117 42 180 102 119 25 1 85 192 130 43 171 66 184 40 167 79 98 51 64 177 165 2 124 22 46 104 15 70 10 23 160 173 62 84 131 198 11 96 85 95 24 179 131 136
199 105 60 102 156 119 123 5 103 26 144 63 85 198 76 118 29 117 63 177 94 169 138 119 116 170 31 195 98 5 159 6 152 187 73 70 116 193 62 70 15 149 194 177 168 72 68 136 52 131
186 56 106 90 91 59 94 189 98 132 63 193 130 34 150 197 101 129 39 154 121 72 182 65 121 5 178 105 110 50 171 125 72 23 9 187 163 43 15 101 47 37 194 111 198 162 199 49 145 91
63 101 155 157 150 184 173 28 75 182 50 27 34 108 186 156 4 164 198 132 99 57 45 167 193 53 3 58 159 18 153 181 121 25 22 18 97 105 6 169 87 98 50 12 27 7 14 82 97 24
133 116 148 158 88 157 33 33 140 75 20 170 179 172 191 80 190 125 130 29 170 124 101 108 188 173 19 4 197 187 53 106 192 10 165 165 5 4 197 158 14 186 193 4 83 94 44 32 17 187
104 32 168 43 85 87 174 144 133 10 144 198 144 16 171 57 98 181 160 174 123 200 149 52 141 119 87 44 135 8 43 131 88 189 187 14 37 99 37 109 17 27 31 108 179 53 112 178 160 61
142 41 141 9 128 142 71 118 16 153 108 18 164 3 191 138 64 32 171 180 60 35 97 185 195 61 165 169 35 96 135 168 120 174 13 184 84 152 84 134 147 31 115 67 184 179 86 83 53 147
92 37 113 185 29 115 107 83 100 125 92 163 195 104 57 63 105 112 190 154 48 184 198 141 10 184 36 200 82 13 49 170 12 73 199 71 93 20 9 91 33 158 56 41 62 7 66 169 19 67
170 150 144 68 1 44 118 72 106 114 37 164 87 66 57 53 111 32 199 47 152 33 165 128 199 36 37 163 66 120 115 197 50 145 33 91 189 132 31 40 145 200 188 114 160 141 55 193 90 5
117 8 156 196 82 79 88 78 55 102 80 152 2 58 80 71 163 25 140 109 22 173 29 165 11 55 161 38 166 79 151 98 81 4 41 126 25 82 60 116 160 123 129 26 180 180 124 164 51 140
19 44 77 54 171 14 62 122 162 181 64 163 150 36 187 99 116 85 99 45 160 47 67 145 49 44 185 108 122 171 92 181 194 0 162 75 95 20 174 139 2 139 119 152 43 117 61 178 71 130
152 61 120 34 86 41 141 123 102 186 94 86 66 166 78 39 164 108 58 181 199 152 108 71 87 105 11 2 65 93 58 113 7 86 186 81 17 129 25 10 23 157 15 61 37 96 57 39 39 57
175 89 22 171 58 189 184 177 129 73 60 94 13 81 167 25 94 105 36 196 3 44 107 61 159 188 170 72 151 82 172 84 185 143 90 170 85 164 31 166 22 182 33 157 110 125 116 51 159 58
197 29 191 143 1 130 184 56 112 197 102 186 8 128 187 115 131 166 14 28 110 108 194 25 158 171 108 112 130 196 8 164 39 159 200 156 24 94 116 125 123 197 23 133 23 71 189 78 197 89
30 113 168 45 33 50 194 160 95 106 196 46 198 1 175 89 105 24 181 111 108 70 180 157 158 166 196 36 46 58 20 56 103 57 120 52 124 9 154 177 122 181 59 106 107 51 19 65 154 199
11 135 50 13 43 88 37 69 143 187 162 186 111 15 22 146 113 31 72 195 71 53 174 30 17 17 24 14 38 148 175 187 199 55 127 144 168 1 84 6 108 76 19 0 13 183 182 184 105 127
197 13 89 158 25 43 85 19 49 42 65 100 124 86 139 23 11 51 170 196 192 43 35 4 64 15 136 71 182 81 24 44 45 92 109 4 92 8 25 59 107 91 123 105 157 6 104 98 24 83
152 115 108 98 72 73 176 26 144 5 74 111 116 59 109 116 26 122 121 54 114 99 25 81 190 126 7 162 20 24 63 21 42 48 157 18 177 125 154 134 21 100 96 44 172 46 169 93 182 178
162 16 64 137 98 127 73 148 99 113 123 73 6 59 177 151 136 67 52 71 82 153 101 165 45 126 141 99 66 111 138 88 13 137 188 200 40 4 17 43 96 161 146 49 125 17 14 154 105 44
118 106 47 47 12 195 7 189 130 105 103 146 197 139 146 111 112 75 151 170 35 5 33 37 138 165 132 115 180 31 106 183 109 152 131 111 33 76 15 85 12 36 162 164 68 141 113 51 19 36
178 136 113 128 75 14 154 81 100 31 57 177 126 86 114 200 44 189 187 16 130 83 135 20 179 165 31 198 10 138 119 54 190 130 73 9 4 150 37 1 36 25 171 64 137 14 28 169 136 110
48 17 65 108 183 72 52 5 136 41 13 30 164 115 33 51 30 74 6 165 187 109 183 72 102 47 118 22 170 200 65 3 49 99 51 166 78 154 73 108 105 134 24 148 138 100 43 179 160 69
139 37 15 39 94 200 187 193 160 180 190 83 197 123 66 34 36 173 95 132 107 33 129 37 176 20 166 138 137 11 20 136 174 27 157 64 119 64 59 59 10 196 40 193 160 34 137 2 40 135
79 1 133 153 134 81 56 140 88 151 60 124 21 17 35 55 144 167 185 87 58 189 171 15 196 66 137 160 95 42 45 166 88 44 48 196 175 46 108 75 184 41 166 126 186 46 90 36 77 40
86 167 166 45 5 93 166 13 151 28 11 21 83 117 174 117 158 116 119 13 0 55 8 133 167 132 92 19 2 94 155 45 93 193 51 54 193 8 153 27 11 112 141 149 150 31 9 142 166 183
111 110 162 71 83 92 51 97 90 92 98 119 39 91 164 25 130 110 132 196 58 38 164 117 73 127 9 73 94 199 164 53 141 171 28 145 67 118 25 63 38 175 174 176 121 23 87 25 167 134
